                      1341847980.7868791 1.6148648432186157 -2.2149466957318573 2.6073775489491475 -0.048989510263964704 0.80037037415434387 0.48839151069763231 -0.34421072664665359
                      1341847980.9546759 1.6202462812085581 -2.2165404264762456 2.6049887630022348 -0.051635364354889995 0.80036413954413743 0.48832284672697474 -0.34393579436309607
                       1341847981.123049 1.6295929832689273 -2.2056070512765382 2.6074941157410128 -0.053683258431814547 0.80063115154803688 0.4860230201038665 -0.3462506185757997
                       1341847981.290854 1.6390100642101317 -2.2055071052232949 2.6016060492719677 -0.048501218159742794 0.80074239499828603 0.48413011991624649 -0.34939558623329919
                       1341847981.459399 1.6568593543993471 -2.2028484089799498 2.5952394743176104 -0.047896730724803924 0.80070186609330563 0.4818246311326449 -0.35274275280218659
                      1341847981.6266849 1.6836805752335078 -2.1923144825106253 2.5882632067423015 -0.052269984648864697 0.8002046354965362 0.47947858128480303 -0.35642766464428038
                      1341847981.7946789 1.706478855671127 -2.1988974701324016 2.5719170975708736 -0.050824220759131587 0.79605965666051937 0.48513797749246257 -0.3582555853246201
                       1341847981.994858 1.7325234220131749 -2.1759315857450123 2.5748917854446054 -0.050345600508832841 0.79518093095623354 0.48758178387100981 -0.35695463519913379
                        1341847982.19469 1.7536375010393548 -2.1794832775853656 2.5586782233730179 -0.051907174725453233 0.79853039044543594 0.48503934187750092 -0.35269207189575685
                      1341847982.3989291 1.7745876466306305 -2.1517533724895341 2.5519092651190642 -0.054274819633096875 0.80102926472070879 0.47413221647420162 -0.36139314093664859
                      1341847982.5666759 1.7851140741795213 -2.1733630755430413 2.525321651037705 -0.05382986406033545 0.7942013924745801 0.47864171768291408 -0.3704707816012397
                       1341847982.731415 1.8014324000870303 -2.1508765138625825 2.507799248012907 -0.057814786410638877 0.78490696165537788 0.48191401508565207 -0.38514593867940683
                      1341847982.8987639 1.8435508705246775 -2.1020840792174607 2.4942124712433711 -0.061120808779497299 0.78704163890668 0.46926538815136337 -0.39575206991799511
                       1341847983.066757 1.871405938206594 -2.1073392428213165 2.454786873083322 -0.055420107373431358 0.78196571908004142 0.47846819186912803 -0.39563419373436182
                      1341847983.2352409 1.9096498990760746 -2.0843892951814595 2.4226549297979099 -0.050249332677070158 0.78252618218334058 0.47690297018595446 -0.39710368393014078
                      1341847983.4026849 1.9460852076277138 -2.041675612607027 2.4153578355343428 -0.056612222113986248 0.77918746052138377 0.47601991818108103 -0.40381554597171038
                      1341847983.5707071 1.9834969584180644 -2.0343213960392879 2.3705927171990617 -0.060705558047595545 0.77344478593450894 0.47962511862421792 -0.40994846495328729
                       1341847983.770716 2.0514049760640725 -2.0050189400715102 2.3451523874427518 -0.062032410391161454 0.7778463690947387 0.46738792383976924 -0.41551839284915465
                       1341847983.938781 2.114764101156859 -1.9839596008231515 2.3117859068237769 -0.058624337487838823 0.78148424734931765 0.45969244615710725 -0.41776597892250378
                      1341847984.2748139 2.2096598434799195 -1.9134058861308414 2.2514052875968615 -0.063947066771591024 0.76481891450651296 0.47841403354862999 -0.42671162764578996
                       1341847984.474678 2.2375302570158966 -1.8303784823793507 2.2398885974527865 -0.058090714888630698 0.76590453704151651 0.47765342789397175 -0.42645388004341844
                      1341847984.6426871 2.2431651514980131 -1.7801416947516402 2.1991488210010202 -0.060633141259222131 0.76467725255557173 0.47575725608163244 -0.43040371152068119
                      1341847984.8106861 2.2374742633960305 -1.7225134806262636 2.1405340455437885 -0.060926983227510043 0.76688585365258555 0.4692148383111443 -0.43360284326902954
                       1341847984.979255 2.2251994762432705 -1.6821222733999355 2.0624243794055328 -0.050259893804277721 0.76628582526114508 0.46569548780401815 -0.43978141129157139
                       1341847985.146837 2.1981418845571992 -1.6375839322318999 2.0260094753741114 -0.050357629242693533 0.75898135884726348 0.46686518520070275 -0.45105244145989321
                       1341847985.314667 2.1724852153493335 -1.5992750074765756 1.9845485926619517 -0.057371389058210175 0.75520627446750266 0.46048609539875063 -0.46295200903210204
                      1341847985.4787011 2.1537874214783153 -1.5678967113497715 1.9297798170330105 -0.061190671577177939 0.74930668358167651 0.45962106988514523 -0.47280404796215281
                       1341847985.647135 2.1268665369175412 -1.5268011067359146 1.8798435171681398 -0.063428491863113015 0.74508753686390139 0.45349514959710413 -0.48493663309957885
                       1341847985.814724 2.1074783701622839 -1.4801251379954607 1.8289350523361958 -0.065257471514285265 0.74976511585357009 0.43024000825747016 -0.49848497344980919
                      1341847985.9831841 2.0922551246282604 -1.4537725337198808 1.7606264738823352 0.06658263717144329 -0.74191130377870884 -0.42476238271336092 0.51450100873014881
                      1341847986.1506491 2.0702175459918086 -1.4308109264879472 1.7002992535537873 0.065389338439617653 -0.73143577311678787 -0.4261628111506035 0.52830976009883734
                      1341847986.3268149 2.0366747806548231 -1.3942055861242846 1.6400135059723195 0.070959929000546526 -0.72395675025171591 -0.41724837608748605 0.54475233353659724
                      1341847986.4937561 2.0011494371147891 -1.3585518844364828 1.5941108738563128 0.072891002238000366 -0.71556698007293584 -0.4107639841167457 0.56028898630490354
                       1341847986.662611 1.9603988287499605 -1.3206457949901123 1.5457071059744829 0.075761994234696595 -0.70803669311338602 -0.40600550819418896 0.57280335958391604
                      1341847986.8298321 1.9221405946890977 -1.2893593732055402 1.5010798934966381 0.062529370951280042 -0.69986549850077107 -0.40332969976508753 0.58617703389343823
                       1341847987.022913 1.8823125648084582 -1.2531514033269995 1.4638192918545627 0.052572009951981205 -0.69227391985288544 -0.4017536667872163 0.59714905583460132
                      1341847987.2592721 1.8380333958257229 -1.2086398468446755 1.4114243637407191 0.055253143372969923 -0.67338857185409595 -0.40560762217272894 0.61561138576141694
                      1341847987.4586511 1.8144645047521839 -1.1567439897730867 1.3793564640988167 0.082672154865202657 -0.65957737610624978 -0.39164854542860011 0.6361874068247505
                        1341847987.62694 1.7996311432397099 -1.1106770078549257 1.3439974902166538 0.086498728368192973 -0.65145499953342501 -0.37400187682984604 0.65440579895149431
                        1341847987.79529 1.7812977900188969 -1.0613670743638206 1.3142128030923219 0.078391483784959998 -0.64673384352735508 -0.36521753692651915 0.66498591084898451
                      1341847987.9659059 1.7625215070194655 -1.015346105655051 1.27508369869921 0.07563039577861512 -0.64798752274849669 -0.35870095054825063 0.66762702287461229
                      1341847988.1337781 1.750451933535657 -0.97706501914705313 1.2407610171384171 0.096338101452494287 -0.64877402288960673 -0.35692060443946055 0.66514578819889936
                       1341847988.301805 1.7347767677309049 -0.93994559050644855 1.217830263756092 0.092732863976209251 -0.6462498115764328 -0.35277170898241172 0.67030882309411965
                      1341847988.4698019 1.7199430677184711 -0.90884904423254897 1.2004596011487012 0.083961662287657918 -0.64304158923444965 -0.34776671098377993 0.67713090943498566
                      1341847988.6377759 1.7207981197457218 -0.88224045460078027 1.1846704246612547 0.080678057144747073 -0.63591503547704453 -0.3495472182258394 0.68331534519587345
                       1341847988.806076 1.7279822711652151 -0.86109748210975201 1.1631342929269746 0.076715611679289281 -0.63076793201150594 -0.34646863900174879 0.69007681678120214
                       1341847989.034698 1.7522924909356876 -0.8344736101165634 1.1169278752396283 0.069398591297822249 -0.61803344581166419 -0.34453704753661907 0.70321598265311647
                      1341847989.2027719 1.7735209417671189 -0.81259760159949457 1.0755042895998612 0.071813327695050264 -0.6222648901976191 -0.33584108507165761 0.70344866050807142
                        1341847989.36673 1.7965800645777441 -0.79935988690372173 1.0206861336701303 0.079220132179116637 -0.62536926601055531 -0.34944788859652898 0.6931981137758314
                      1341847989.5347199 1.8192598258532791 -0.78674983090732864 0.97852151201602999 0.086638356316254703 -0.62201701703628209 -0.35693072028867756 0.69151217389595476
                       1341847989.702641 1.8394131456704041 -0.77634837482001762 0.93968768419222393 0.093141902735148593 -0.61363421671934315 -0.36006537657419085 0.69651314317721291
                        1341847989.87096 1.8640693172597311 -0.75644974400519527 0.90505796459541421 0.098120062191523111 -0.60538765628730185 -0.36077201687497362 0.70265339311104391
                       1341847990.039022 1.9022851371292422 -0.73465401928154639 0.86110970274012688 0.097875854074980201 -0.60349225410232721 -0.35440587159929093 0.70754073706291454
                       1341847990.207058 1.9510483529921334 -0.71003597422361919 0.82344601414438234 0.0981127553212153 -0.60899568789092917 -0.34588045098652903 0.70701121136718104
                       1341847990.374681 1.9802694451836105 -0.68619715628912248 0.78050814108139266 0.09635355461113633 -0.60912028481203317 -0.34614180009255252 0.70701791022080462
                      1341847990.5428441 2.0094755697692417 -0.65685980820331069 0.74551033412243517 0.091445662569225206 -0.60557185807853497 -0.34672766763531243 0.71042264884838979
                      1341847990.7427361 2.0366361433426605 -0.63108223205558378 0.70901111607117517 0.081457733277721059 -0.60094213108031114 -0.33935278596895241 0.71907779790299486
                       1341847990.910852 2.0505671642105043 -0.61490492415873721 0.68177212384081021 0.079612580533490351 -0.595460499313612 -0.33492549953099093 0.72588810469789256
                      1341847991.0786991 2.0578491230958473 -0.59460699508896397 0.64964332933798852 0.082273402672284765 -0.58673409783645492 -0.331182587226314 0.73436522219318801
                      1341847991.2468741 2.0610223798561607 -0.56910463594685856 0.61077860307003984 0.085478460303125961 -0.58102973427919757 -0.32405812526786465 0.74167662236012888
                      1341847991.4147401 2.0665159065087915 -0.53429459499448684 0.57000303749801318 0.074575883800671872 -0.57908405519286821 -0.31112289143145455 0.74986841579310648
                      1341847991.5789239 2.0656764433655321 -0.51365880589425505 0.53595611074386906 0.068700246915055843 -0.56783319315492997 -0.30646733086610695 0.76087023593848813
                      1341847991.7826829 2.0618131319138699 -0.50757125142793058 0.49979276463757705 0.064108335195637411 -0.54989684167318975 -0.29052751849124275 0.78044688856809175
                      1341847991.9510131 2.0560802018399396 -0.49710611700683882 0.46553985395738201 0.069754661557778527 -0.53676549998230816 -0.28503012280407203 0.79105936206709415
                       1341847992.114861 2.0505633516769652 -0.47775329788251708 0.42728533461064361 0.076778346700740421 -0.52470182275038324 -0.28568747002680539 0.79823289342773229
                       1341847992.318697 2.0475476805689388 -0.44468435019273994 0.37391964321511523 0.081882085975248764 -0.51128516198543406 -0.27777529633083947 0.80914998107778813
                       1341847992.487395 2.0524800456311567 -0.41244523952299372 0.32775460975341986 0.079019672524698992 -0.50129069670832771 -0.26309504955728935 0.82051479185095511
                       1341847992.654748 2.0572930693151421 -0.37690388232693495 0.27535283841831787 0.0774607774479803 -0.49238899707852085 -0.2576755057230582 0.82774164886365909
                       1341847992.818748 2.0563261760041782 -0.34774176554831382 0.22816746700341362 0.078476049770769829 -0.48643221770899042 -0.25614342137198604 0.83163438774195875
                       1341847992.986737 2.0498194277177735 -0.32212121020922357 0.19319092857215131 0.076815500452323215 -0.47713281404603425 -0.25553989061170279 0.83734283358546202
                      1341847993.1546969 2.0375607311584143 -0.29335629912699607 0.15795956613389964 0.077123062078533158 -0.46818004416207692 -0.25685733066094124 0.84195236874170176
                       1341847993.354727 2.0143996479583754 -0.26580118932028834 0.11125832670234659 0.079978112431183079 -0.46066353760256662 -0.24207857774813063 0.85017090567183973
                      1341847993.5227261 1.9880840113839648 -0.23274609887898348 0.072700160178825066 0.080938900037099054 -0.4501652013563161 -0.23092663537244842 0.85876252539580011
                       1341847993.691246 1.9526466361126655 -0.19515030765446492 0.031995113750480232 0.067280074242604126 -0.44033800986924704 -0.23125087623287455 0.86492708416133468
                      1341847993.9026711 1.9188327519315158 -0.17561678634017669 -0.010988858592978927 0.06683384280270209 -0.42683251797926808 -0.23670220757372801 0.87024094593475965
                      1341847994.0657649 1.8952175766648269 -0.16299034000276924 -0.04895679803423128 0.073144900733810275 -0.41679782134881532 -0.23417180886916775 0.87526736689223372
                      1341847994.2336481 1.8730618345211931 -0.15098405235933357 -0.086438495916448074 0.077517887974963159 -0.41053583446079439 -0.21925688912812702 0.88169026434306086
                      1341847994.4016809 1.8565188642616339 -0.12841892508628139 -0.13465970330684998 0.086179951224736873 -0.40271817736745813 -0.20839398334447867 0.88710936943003593
                      1341847994.5702119 1.8376369030124751 -0.09691667206335336 -0.18874658782694906 0.087403956209714362 -0.39869554091232146 -0.19440165120680408 0.89196996143569196
                       1341847994.769892 1.8051046515139908 -0.062881938485480765 -0.24258352672865094 0.081641909962318571 -0.38469898976989153 -0.18974092023174263 0.89963307464618103
                       1341847994.966794 1.7783764886901874 -0.01938044305510735 -0.28665187760273741 0.072241319393986023 -0.36595347292101099 -0.18889282603803045 0.90839349827078431
                       1341847995.134968 1.755994631730335 -0.0012893853768582454 -0.31792542968263493 0.073462247420526386 -0.34983580499864098 -0.17526241939651777 0.91733379535050241
                      1341847995.2988069 1.7326421385723421 0.013362056717193682 -0.35065323134475657 0.077859146300467391 -0.33909820737913143 -0.16277277846675386 0.92328510313978052
                      1341847995.4667909 1.7030623437173156 0.035041510511238064 -0.37850626931249975 0.079476994662237149 -0.32827511738068221 -0.16085628098806745 0.92738563256869899
                       1341847995.634845 1.6718783862747788 0.059462593837907134 -0.40517821475999127 0.070766712228965911 -0.3299149097737355 -0.14713266290197807 0.92978503120703315
                      1341847995.8027711 1.6378006141701995 0.069994996806193227 -0.41919117639227416 0.061382913468292333 -0.32059584018970805 -0.14305886450457408 0.93433645250191411
                       1341847995.970762 1.6172679572040414 0.0775650885267965 -0.43582934655721917 0.062936561425384924 -0.31202494316081852 -0.13982802268899519 0.93761801825280777
                      1341847996.1388769 1.6035357656440794 0.079524095685480245 -0.45120956288967629 0.067651586436138597 -0.30013283450320527 -0.1353855048984576 0.941814371078046
                       1341847996.338989 1.591625888080094 0.093349219683987059 -0.47057914756035663 0.073408531589274989 -0.2869375300771293 -0.12615314488302265 0.94676471488921998
                      1341847996.5067201 1.5758178093335735 0.10155549650103536 -0.48837677166390614 0.073871465075432866 -0.27627510605728312 -0.11362133025480474 0.95147531010098985
                       1341847996.674789 1.5574858771880462 0.13541236929842465 -0.51133513666063635 0.071414053867910207 -0.26646453910589302 -0.10972636329371506 0.95491193704318678
                       1341847996.842787 1.5372680234362082 0.15621975297580051 -0.53519728524498256 0.066575796479731636 -0.24617298294049003 -0.10692800320592501 0.96100620597562447
                       1341847997.010766 1.5109832121782225 0.1788194672390383 -0.57861505082468612 0.067418470738476136 -0.24466001862575959 -0.096135703510038473 0.96247293551556989
                      1341847997.2109079 1.4752279181194514 0.21799931790371763 -0.62895799067323133 0.073895076216046046 -0.244058664996156 -0.098350623973660761 0.96192621365430653
                         1341847997.3787 1.4427056571804542 0.23170848014838893 -0.65879027128446632 0.072862613692171549 -0.23706962469602594 -0.098750787396395548 0.96371018182907187
                      1341847997.5466149 1.4067451064879293 0.23910201672973563 -0.68685446231013081 0.080345897690073262 -0.2235213015404163 -0.092747744406807331 0.96694395928073529
                       1341847997.714649 1.3555074213954255 0.24460724370746595 -0.71635184211526615 0.089566856639867368 -0.2123511747964606 -0.089831859396007435 0.96892465847024067
                      1341847997.9151869 1.2893749704155222 0.25721966255087175 -0.7517611234808721 0.094986634575079332 -0.20315106865026597 -0.076184534213884422 0.97154675610851016
                      1341847998.0826471 1.2332208187983396 0.2676204948586301 -0.77759283793557554 0.091895062418086954 -0.20211700782213535 -0.064501580262342456 0.97290470180581579
                       1341847998.318825 1.1607958694348448 0.27804578210107789 -0.80441793735167655 0.087794966018702431 -0.20673734168775185 -0.071488468997881541 0.97182360245776889
                      1341847998.4840569 1.1039897069914866 0.29525912045779301 -0.82946496752914189 0.084421591063949725 -0.20849431002606716 -0.084507422051235001 0.97070160876926537
                       1341847998.650754 1.0544390656648486 0.31651993130166711 -0.85238025996592814 0.081212891150540589 -0.20740184708304504 -0.096161627240932107 0.97012467321674056
                       1341847998.818773 1.0097785501275918 0.34099367372350059 -0.88114035134610702 0.07917620901814694 -0.20413719896186378 -0.093862231589791512 0.97121007686622751
                       1341847998.986738 0.95559463415171864 0.37590564348558475 -0.90773636375354361 0.07155915863222255 -0.2006801980370421 -0.090710985704276811 0.97281974795139747
                      1341847999.1549101 0.91894599175791269 0.39450147602152452 -0.93042577605608112 0.062728459083230048 -0.19665871047250386 -0.088907892981158809 0.97441566006606573
                      1341847999.3548801 0.86182776854565402 0.40615568189586027 -0.95498556665850731 0.071763907274049882 -0.18013823241272611 -0.066271559152269108 0.97877895322871933
                       1341847999.522711 0.83321183093316631 0.40361385002395489 -0.95932224235199348 0.077327270599863621 -0.16145809246807935 -0.045496517057827993 0.9827928797736335
                       1341847999.691169 0.79327617604157563 0.41734668160497707 -0.97393395099412361 0.083330257233409213 -0.14221782899987417 -0.024016191572954919 0.98602909687610518
                       1341847999.858819 0.74253430120421526 0.40719432193600308 -0.95487367780578092 0.083613380733714687 -0.1234708287024007 -0.0078394050730800687 0.98878829925819889
                      1341848000.0588081 0.70808485348390282 0.41486736146351433 -0.94189722927760899 0.069272730031280649 -0.10273908406082839 0.017861930294915548 0.99213251177778417
                      1341848000.2284009 0.66814853878400093 0.40359074210638135 -0.91832074993932478 0.053292145353788588 -0.077833996959208049 0.028826086846516767 0.99512354653985646
                      1341848000.4268939 0.62119933450141951 0.39149361293172164 -0.89410257822442585 0.041039904144027244 -0.058488186062184228 0.04054358682642277 0.99661982517219316
                      1341848000.5948761 0.58206091095476631 0.37327971876498195 -0.86574757112822087 0.04015356535957413 -0.043887140041164896 0.046718945118472049 0.99713537210096947
                      1341848000.7627039 0.54217687955062932 0.35278415224746856 -0.8504152851229998 0.046266238528583414 -0.025825939912562816 0.059292510290414061 0.99683341347665022
                      1341848000.9307401 0.50574900962298541 0.33459565427023658 -0.83606599507574664 0.051203830817906082 -0.015343829062003008 0.076885713696999092 0.99560600723809944
                        1341848001.09883 0.46047576157713671 0.31607367354018429 -0.8150308541971879 0.052085486112551573 -0.0072508053680236679 0.087111731246282548 0.99480956682030852
                        1341848001.33483 0.40350531513162985 0.30516776893771203 -0.77467978345534794 0.056991592667347726 0.019701077053332051 0.087883272746812235 0.99430395568934915
                       1341848001.502748 0.36940513292502153 0.29308924735025071 -0.74066726659913984 0.056088866440678127 0.05255394033555532 0.093983392434979884 0.99260225889477971
                      1341848001.6666951 0.34886207245929091 0.26287044775510043 -0.69572416999046549 0.056482036717249669 0.086353087241565124 0.10663978746574751 0.98892915801961367
                      1341848001.8707421 0.32324979761843703 0.23699937062623735 -0.65555536073623599 0.05883759947116704 0.11409628481481186 0.12301868203578251 0.98406634865242038
                      1341848002.0388801 0.30100687195825404 0.21090593113196515 -0.62684445328890837 0.055981458021711679 0.13006948817214789 0.14209941387866715 0.97967125158378421
                       1341848002.202713 0.28170844387003513 0.18416694628190422 -0.59001793061481078 0.055546016565543289 0.14534859863419208 0.15484388276495575 0.975608423953509
                      1341848002.3714719 0.25846396397897048 0.16955480236694934 -0.55534857939708848 0.047974100944333277 0.1666965898105886 0.16184918954211711 0.97145024186968176
                       1341848002.539346 0.24611988155251219 0.15049394987822209 -0.51512501861650728 0.039397827441253516 0.17882325826167489 0.16842030890354284 0.96855802771254895
                      1341848002.7139499 0.22999803417897741 0.14995174735430195 -0.47573501525012835 0.02872637759676883 0.18635293635680422 0.1700605332326042 0.96722634030407129
                      1341848002.9066701 0.20472437876167768 0.13900600944162009 -0.42956820519534478 0.027600593523327811 0.18681268179159732 0.16933125151813697 0.96729838024173964
                       1341848003.075599 0.17852950210877652 0.12360188025335729 -0.40437180778964399 0.034338533467807734 0.17428281256353625 0.15940008619016785 0.97110142564347557
                      1341848003.3107519 0.14219600303007826 0.10516270025931752 -0.35970890843364134 0.032891749183194673 0.17946911953770603 0.13891209964311821 0.97335111678200215
                       1341848003.478734 0.11582877964019038 0.088200158250787003 -0.32838874817272762 0.034035731455722876 0.16693459560561294 0.12479680174055323 0.97744573662663936
                       1341848003.649997 0.092164967561203653 0.078417494901614176 -0.28802894764562553 0.037859610041109229 0.14315947763716444 0.10372349267961561 0.98352094586568473
                      1341848003.8179591 0.076269447108301205 0.066366809958578799 -0.25266311547822601 0.041358691706641769 0.1239725886947009 0.084369304760048863 0.98782694652806247
                        1341848003.98649 0.06297011843781912 0.04877267917410566 -0.21038844198204729 0.039693833587028944 0.11190409704309547 0.075515631551558243 0.99005013106988882
                      1341848004.1544089 0.066511919303367487 0.025089939167823892 -0.16168128386424716 0.038704862145965989 0.091136494619774758 0.069346997040570055 0.99266664444622932
                      1341848004.3218341 0.05578132492550316 0.014095680793104208 -0.11595696537985001 0.03759365587153226 0.069686008144089109 0.054273296591322802 0.99538182954294741
                      1341848004.4898109 0.042260654738669169 0.0070827493802331212 -0.075112023438475575 0.031700821103843903 0.046953133896593252 0.031672479098586871 0.9978914345891442
                       1341848004.657913 0.026022682899082085 0.0052739917843015009 -0.041004219228751582 0.01959148242358592 0.029045277351448549 0.02113563422083977 0.99916256467409081
                      1341848004.8257921 0.010165638138055219 -0.0032428715159964114 -0.014298776570384095 0.005111255543770496 0.015163571602714849 0.0097758255276699773 0.99982417174134586
                      1341848004.9938631 0 0 0 0 0 0 1
                       1341848005.157676 -0.013590367752928116 -0.0039628060609903665 0.01063736744343116 -0.0020508480087488941 -0.014087436222925728 -0.0086833061562819527 0.99986095951252474
                       1341848005.325901 -0.025984766226544068 0.00044822934287613321 0.018971353759549614 -0.00018958395469292322 -0.028289402622620113 -0.021748705013051633 0.99936313099265106
                      1341848005.4937019 -0.043503039689761054 -0.0014433323117912446 0.024996395137555603 -0.0013860688982676951 -0.046078577036817676 -0.029995310943417109 0.99848641696954454
                       1341848005.661818 -0.060837146951987685 -0.0043457724187998432 0.034306622487570798 -0.0030651391097797063 -0.059672732447828079 -0.041913756917003837 0.99733294686656682
                       1341848005.829931 -0.077914791029971286 -0.0091303282185088673 0.036120221083616615 0.0022493509568461243 -0.077978308014414452 -0.050191324213885544 0.99568828198042925
                       1341848005.997817 -0.098867822541892234 -0.013685177163250926 0.038517575813388404 0.0057081613005779607 -0.092020148467798865 -0.059023691971638099 0.99398989580204899
                       1341848006.165828 -0.11632933843100393 -0.013642073121533866 0.036974673935478215 0.022565261598786173 -0.11065652193321562 -0.065083571104507257 0.99146864392925049
                        1341848006.33373 -0.13666421131797932 -0.016012321778558106 0.040215170285966148 0.033815839824406849 -0.13196008986606042 -0.067138749649368126 0.9884004309767529
                       1341848006.501683 -0.15540219130181776 -0.016225276733406391 0.042171309089375136 0.033394424921568334 -0.14307598831235399 -0.072916744027328381 0.98645690346464399
                      1341848006.6701369 -0.17848307041365941 -0.018993974075796817 0.039216047034393312 0.035475610707803328 -0.14956906569195577 -0.07427949491801851 0.985318797277139
                       1341848006.837904 -0.21009476724590601 -0.024332931564850561 0.03104813692342321 0.036509188234300362 -0.14941540990045407 -0.068557373701607652 0.9857190273956824
                       1341848007.005815 -0.23930469720824848 -0.026265714273047778 0.014791632958818463 0.043715694316519442 -0.14270926207433438 -0.056819863093023684 0.98716488376902556
                       1341848007.169667 -0.26854856621005085 -0.021446762436481741 -0.0053491336772209458 0.043700018647356738 -0.12741944339169775 -0.041110607688721948 0.9900325811565166
                        1341848007.36672 -0.30594515384589072 -0.021224406844116302 -0.028194058572289165 0.041158079281327954 -0.11640984836707893 -0.026145253608013012 0.99200362168028311
                      1341848007.5348499 -0.34335822633197316 -0.018055278384946923 -0.057203274699262036 0.044900671771010162 -0.10991145190744767 -0.020795734147645021 0.99270888978359073
                       1341848007.702831 -0.38237712220514386 -0.015273827921360639 -0.083002496158163547 0.039713438254077492 -0.094129876743312219 -0.0055815014162965979 0.99475185647892528
                      1341848007.8667679 -0.41476880715536835 -0.020197574965462064 -0.08988768281862472 0.041010440287123751 -0.077618267096257049 0.009802873900150751 0.99609108622842724
                      1341848008.0348761 -0.45419925167380398 -0.025013525423287695 -0.10359791320584782 0.035159573585200311 -0.056259587781529896 0.031741541085921504 0.99729190197125839
                      1341848008.2027631 -0.49727398121525129 -0.029422409145855512 -0.10657591562573127 0.031412819117663783 -0.037712662234189454 0.045685951836585484 0.99774935916144591
                      1341848008.3707581 -0.53898692290359029 -0.032309348937775213 -0.10700810414855175 0.021441326253365346 -0.021849141955509362 0.061115602276740504 0.99766114872869338
                       1341848008.571285 -0.59261784652715999 -0.042892456957091617 -0.1157583068375703 0.017980264302045114 -0.0024344070951686763 0.082061699857602421 0.99646207212026117
                      1341848008.7387149 -0.62746892681037714 -0.047867448760728105 -0.12204324212324714 0.019411111945295701 0.01179281778669284 0.096945263341979615 0.99503052922875268
                      1341848008.9066999 -0.661255192188833 -0.058477281108785507 -0.12690354488322439 0.017482573949925171 0.026478064720418176 0.10212236237944232 0.99426570633749034
                       1341848009.110847 -0.70343179695553393 -0.065427646965247097 -0.12572360016085704 0.014150248447181327 0.046661458168982636 0.10973000170297389 0.99276472817918582
                       1341848009.274703 -0.73543616375467658 -0.076521601843636947 -0.12940083285588097 0.0043287200890089559 0.074722644545510378 0.13046449911538158 0.98862369132298722
                      1341848009.4790609 -0.7731011835180458 -0.07368013566319466 -0.10980671908621677 -0.0027337976367928837 0.10315536389481311 0.14756409238561075 0.98365458159285812
                      1341848009.6468899 -0.80982173821378201 -0.075849383432564935 -0.084780761807410274 -0.0016646519782936742 0.11293995706497312 0.14636752779818782 0.98276057197986944
                       1341848009.810678 -0.84360295084038561 -0.084289978854973482 -0.061570938169266391 0.0041288750001365043 0.11473530856676296 0.13977801159559697 0.98350438170539145
                      1341848009.9790299 -0.87178532556088251 -0.10481113755389131 -0.025623928435548848 0.0028071016341612962 0.11451640336593898 0.14042514799423628 0.98344236808841112
                       1341848010.146785 -0.87945585677632365 -0.12572940886804204 0.0070376450751499968 -0.0034799352000664261 0.11621154400215598 0.14575190978253572 0.9824658507481987
                      1341848010.3147631 -0.87899918305764091 -0.15166072479902992 0.058361204369139497 -0.0051327439702375617 0.12508868180974864 0.15387035441005545 0.98012774200925445
                      1341848010.4835999 -0.86818928101115178 -0.18374165468999498 0.099434379368981862 -0.0098044367425654966 0.1341202558967742 0.16240903694730666 0.97751671837170806
                      1341848010.6509759 -0.8546225972600785 -0.21069787795420747 0.13065211059445814 -0.016782567294490076 0.14565466110132452 0.17260774296366835 0.97401726483848972
                      1341848010.8188541 -0.84507026184674128 -0.22201373312064754 0.15042202311813971 -0.012180792759237103 0.16024056326631442 0.17900187530610198 0.97063531710357087
                      1341848010.9867721 -0.83265236937303722 -0.24758438838482863 0.16245129016215806 -0.015310579745911086 0.17218093663141548 0.18997824840912683 0.96645102118005588
                       1341848011.154649 -0.82995100335123295 -0.25846580238597239 0.17781993044620784 -0.016063892054352588 0.18098131169534334 0.19895976091466769 0.96301751267870372
                      1341848011.3228259 -0.82547746023842394 -0.26837079061721503 0.19044545534164342 -0.019658904769542379 0.19545955468828147 0.20323149198805909 0.95922158577078964
                      1341848011.4867771 -0.82324693023221418 -0.27880551007222426 0.20364966449919042 -0.018395653098678126 0.21187957217455464 0.21614495864891109 0.95291657750973213
                       1341848011.655386 -0.82449286090590601 -0.28837081085443722 0.2234796658695497 -0.02310137177455102 0.22858132003613965 0.22651358497479329 0.94652443316299928
                       1341848011.822722 -0.80664206065586641 -0.29496162869277742 0.24011882274471874 -0.033656948535581196 0.24068788220605125 0.23841572388899621 0.94026299287854853
                       1341848011.991385 -0.78716516269009817 -0.29700078552156578 0.25592108425656074 -0.034708228243834897 0.24825293766576684 0.24885110493823109 0.93554205966568516
                       1341848012.191005 -0.76052098962751036 -0.3089940571876334 0.29363868300308815 -0.045216465307397001 0.25440629593711783 0.24622929074654773 0.93413277655326532
                      1341848012.3592629 -0.72485889321322139 -0.3168199173884681 0.32734380503760196 -0.056768095261561569 0.24507288871876753 0.23342962002523254 0.93926954335285917
                      1341848012.5267711 -0.69685893407816513 -0.32668423031716343 0.36421842401503207 -0.067426146286707775 0.23973919852363892 0.22069067138494028 0.94301349887041974
                       1341848012.695354 -0.67930526236224997 -0.34392500885012289 0.39489683393649072 -0.073411020027489005 0.22962879525446189 0.20559312073063607 0.94847926030923113
                      1341848012.8628089 -0.66954062601479891 -0.34788288241466059 0.43071557141134648 -0.074299703827891264 0.21146559802873391 0.17298706982856671 0.95908150254999924
                       1341848013.030973 -0.66668898202482163 -0.35481327849508776 0.44581693687269613 -0.074320074824261312 0.1955984557679846 0.14352610799438778 0.96727350160297443
                       1341848013.198734 -0.67346747067047696 -0.3628952904444771 0.45966125427078602 -0.075300349509967196 0.16956665343009789 0.12710729008779947 0.97438223722250306
                      1341848013.3667409 -0.67890654411824791 -0.3565053372939207 0.47542568340313973 -0.077615410392147061 0.14134406621311313 0.10749589336667599 0.98104145474353022
                      1341848013.5348029 -0.69873685446839695 -0.34408850498730581 0.48948999922066921 -0.079069875637827136 0.11235705951807402 0.080067846627766198 0.98727553695990222
                      1341848013.6988361 -0.72094988022193041 -0.34443167334579766 0.5000818470586692 -0.071443273794434756 0.082101026238740396 0.052673293525429404 0.99266348994473608
                      1341848013.8668139 -0.73803793224824721 -0.35146138537054211 0.50686225432686194 -0.063758017612457835 0.056973849894245719 0.030627214446040989 0.9958668933916992
                       1341848014.071022 -0.76037430229487113 -0.35228095424767208 0.51938977844643652 -0.061508550657566309 0.024166460276474871 0.0041754429059773302 0.99780521449341508
                      1341848014.2347751 -0.7855752355350244 -0.35704522034699865 0.54253154509696699 -0.064193567433004112 -0.0017121487967933706 -0.026676021433014861 0.997579392493263
                       1341848014.438869 -0.82722494928526225 -0.36632661291143109 0.56847344317008419 -0.061649935072120278 -0.046059116981011422 -0.058496029758070688 0.99531706393042207
                      1341848014.6068821 -0.86784845184450887 -0.37004785355949588 0.57437997502048732 -0.047031630569087969 -0.084034793026703261 -0.093053072074163912 0.99099309032128602
                      1341848014.7747669 -0.91205784045634342 -0.37301602687515201 0.58711462691567784 -0.029516610309650259 -0.11324417654124194 -0.10979416502422423 0.98704091481658329
                       1341848014.938709 -0.93176880650800842 -0.36840450705282102 0.59497272839399984 -0.017783189183151235 -0.15301798970796524 -0.11425512860294457 0.98143518308451427
                       1341848015.106864 -0.95556484312115153 -0.36680784418902906 0.61394943873440266 -0.03350656652588116 -0.17152023191759522 -0.14429611287057248 0.97397985187221625
                       1341848015.274791 -0.97233484419433647 -0.36906321209106929 0.63459816437963823 -0.045492623332146612 -0.19474793015629094 -0.16628043684949265 0.96558504609554807
                       1341848015.442801 -0.9887533219736705 -0.37597252551665539 0.64746130352047326 -0.052024374377602253 -0.23553026864935889 -0.185255146626121 0.9526276752588676
                      1341848015.6184821 -0.99762169524972399 -0.37746426201094935 0.66054174266868082 -0.050494444547233841 -0.28301525136058941 -0.21329235169518293 0.93373392959424317
                      1341848015.7857749 -1.0090851135290673 -0.37711450883409342 0.66222147855886138 -0.042411882313376122 -0.32125540065478869 -0.23646851056485316 0.91601246896535615
                       1341848015.954061 -1.0165342848580761 -0.3875177716756722 0.65743948799868113 -0.027567206501358466 -0.35083457432482784 -0.26384869841990516 0.89807517220227751
                      1341848016.1218729 -1.0118400006675423 -0.38620885146362299 0.65081574753563221 -0.01170027997902898 -0.37651989269117836 -0.27346791265663761 0.88504868487753696
                      1341848016.2899749 -1.0142746631633666 -0.38385836056139511 0.64408827888210551 -0.0085362383762502356 -0.37707738598580254 -0.28276915639519767 0.88191914697666374
                      1341848016.4545109 -1.0130129491639683 -0.38381010200434929 0.63389499670594873 -0.015847510610036877 -0.37051966987176294 -0.26386188540156291 0.89041615892677795
                       1341848016.622571 -1.0177499745347249 -0.37553691198848876 0.61765179505487033 -0.0085575793915836449 -0.36924664647449523 -0.24648763234286675 0.89600643357305398
                      1341848016.8507791 -1.0309866759914925 -0.35788110175261517 0.58052942093249504 -0.0069858150895889589 -0.37057012507854881 -0.23637386521118231 0.89819617936836538
                      1341848017.0186989 -1.0349257028153698 -0.34215371394165855 0.54902431687076392 -0.010156238740150005 -0.36675060753898819 -0.23560621182883262 0.89993363957133166
                       1341848017.186867 -1.0335393709514225 -0.33420821655989047 0.51481149782972613 -0.012923827774792137 -0.35231325487395176 -0.22630695259953182 0.90801624892998634
                      1341848017.3547621 -1.0288110942569324 -0.32614464871693305 0.48015053416932407 0.0035536965754571354 -0.33857568669653554 -0.20547796601199581 0.91822256621267606
                       1341848017.522742 -1.013303154095313 -0.30932923890988712 0.44435553835760366 0.014310019829239139 -0.32464757919229836 -0.18358786308182132 0.92773631446985938
                       1341848017.686847 -1.0039339778213741 -0.30555532595164053 0.41803266646115372 0.022942359093754888 -0.31208070834279034 -0.16812937112341012 0.93477900821805049
                      1341848017.8547449 -0.99549679984010719 -0.29376435185150679 0.38963118362884613 0.037137095303593638 -0.305798431985561 -0.15018145421711099 0.93944328511987241
                       1341848018.022686 -0.99107290638078527 -0.28265915548855575 0.36628686261460713 0.038177666413361656 -0.29714647812214967 -0.14585801577401489 0.94285305088401783
                      1341848018.1908331 -0.99658871795247705 -0.27615516634583548 0.35203846836568065 0.036842940076375896 -0.28201212774609441 -0.13604125372690579 0.94900186240863671
                      1341848018.3672459 -1.0147836278007629 -0.26753736606762535 0.33065300995190433 0.035163045019636852 -0.26260222893407148 -0.12544998135804872 0.95606795354779561
                       1341848018.534528 -1.0380851832501266 -0.2486721568766613 0.30160995304900623 0.031238745504195763 -0.2470399626370878 -0.10159758189820389 0.96315799793804768
                      1341848018.7018111 -1.0660440356579537 -0.22523091746395554 0.26896780150433569 0.030013681415381212 -0.22797304695600071 -0.089181794362027875 0.96910994027708863
                       1341848018.869812 -1.0977254546081627 -0.21403342459961841 0.23162059471097374 0.033530206886745524 -0.21564309455345074 -0.084676088987315351 0.97221589215120108
                      1341848019.0698919 -1.1266235994328793 -0.19984184285147483 0.19022024588092606 0.037688168735796015 -0.20810486358445981 -0.074455339921163224 0.97454008129325287
                       1341848019.262747 -1.1540978993164499 -0.184512333978021 0.15154117819436355 0.037946021232132324 -0.18378322192172872 -0.065275500171675216 0.98006272038582154
                       1341848019.431071 -1.1834194198582177 -0.16266929325284227 0.10644602846880072 0.036253017076813325 -0.15888012909199167 -0.055138023761338098 0.9850901591571376
                       1341848019.598763 -1.2208430155017884 -0.13679625329035311 0.057446520180115049 0.041350259145465938 -0.14117265768386034 -0.039581824438430037 0.98832874893185407
                        1341848019.76718 -1.2584601032355323 -0.10993338158718005 0.019638676570336522 0.041660071105048248 -0.12624587660439707 -0.032011375799963306 0.99060672768526226
                       1341848019.966718 -1.2938518836247488 -0.092675018390170505 -0.019024266728142138 0.041219250588090596 -0.10592061299441981 -0.010503203072854787 0.99346438277829208
                      1341848020.1347971 -1.321336121902505 -0.082498195950652206 -0.03535497321751023 0.04199500622429643 -0.082545249368514387 0.0046045413091165268 0.99569146800514652
                      1341848020.3027811 -1.3555144843594071 -0.078988675477846798 -0.0518745283950236 0.045342606980207041 -0.056571308246916314 0.016812536622483443 0.99722669122310836
                       1341848020.502708 -1.4010561827690748 -0.079603560563540884 -0.069252256059106926 0.056379837518992282 -0.025179390720309953 0.038093139835883499 0.99736463988940871
                       1341848020.670825 -1.4482936346521496 -0.07588313190770947 -0.079578579466239877 0.05312963220145922 -0.0039552275512612853 0.065181767045745048 0.99645016714432333
                      1341848020.8391061 -1.4890251905527452 -0.077054815753624342 -0.088561592771852951 0.0468457161396321 0.011648299500356183 0.076833039672666928 0.99587473108457447
                      1341848021.0066531 -1.5293317124339116 -0.083100775926137849 -0.096172870575146882 0.048535483983280808 0.024250271157302508 0.085730726032244006 0.99483992368485619
                      1341848021.1750641 -1.5709007070142615 -0.090876794817583831 -0.098562258406086165 0.045775072974831348 0.041684739406511018 0.096539248147256201 0.99340183146696615
                        1341848021.34777 -1.615399871943713 -0.098784703693662657 -0.094500762590394666 0.052098626846570552 0.065441540015289096 0.1096512326552872 0.99044421604566169
                       1341848021.514729 -1.6755660041901608 -0.11011354673132832 -0.10331408952148102 0.069319643091582506 0.096344852761030761 0.13341016321834209 0.98392793678102575
                       1341848021.742825 -1.7473976937169455 -0.11159568183231361 -0.099671114667815808 0.073163360426895294 0.12279385801710564 0.14168442913092194 0.97953780614438968
                      1341848021.9106419 -1.7967472171611398 -0.1345038149056724 -0.081126786925165603 0.066919852843037655 0.14573525633817327 0.14675107702910917 0.97608764450038488
                      1341848022.0792451 -1.8394918171405272 -0.1568641940791089 -0.06488422132026693 0.071854872758311844 0.16438393987554248 0.15148778096439222 0.97204230864215235
                      1341848022.2474661 -1.8715330896228133 -0.18968683456563587 -0.037988939642784755 0.07666947005090452 0.18700006898364721 0.16060282646907412 0.96610532484422695
                      1341848022.4184649 -1.8946194773594303 -0.23777663812049984 -0.039605564357134984 0.080075137912207495 0.20361282871540654 0.18939026642508738 0.9572152920081699
                      1341848022.5860789 -1.9272360204676713 -0.28476553510163227 -0.00034836803411242648 0.088757285578267744 0.22750450621759788 0.20445595368542238 0.94792489518423839
                      1341848022.7830279 -1.9690197171268276 -0.30426587537462702 0.042832299717582671 0.0924688856830473 0.26021602131267568 0.21422729070929744 0.93693318617075938
                       1341848022.950861 -1.9785803966714866 -0.33778170211306946 0.064338977569417116 0.060573881753810566 0.29217799897169533 0.22813183295102393 0.92677866211980597
                       1341848023.118804 -2.0097567220804735 -0.37390238625935057 0.1184524588310097 0.055055149013979413 0.33463056593896801 0.24629340887795639 0.90792668847748403
                      1341848023.3187909 -2.0467955235566637 -0.40287387054862561 0.18064590279816314 0.034537000624149168 0.37066582877985732 0.26987359950947776 0.88802155337054023
                       1341848023.487102 -2.0746788993361696 -0.41390255261479714 0.22439425932281135 0.021037676415326521 0.39060001789148974 0.28217366208980077 0.87599490102228506
                      1341848023.6872311 -2.0760160840678878 -0.44973636143979084 0.27669655892971512 0.019524905944760126 0.41604117026025689 0.29335027477873576 0.86050807026056675
                      1341848023.8548369 -2.0726083090581771 -0.47209883231480532 0.31944330310331925 0.021751439020172805 0.43549993840483497 0.30076444794677093 0.8481788876181785
                      1341848024.0226891 -2.0556541281655423 -0.51115753228166361 0.35954138959813053 0.02128275198473157 0.45428039965785749 0.31850484911087229 0.83170368764813962
                      1341848024.2228501 -2.0351202935770552 -0.54413834953416917 0.40251569610098453 0.022943936762321964 0.46732433468208295 0.33811444251554901 0.81655383517695546
                       1341848024.391387 -2.0121237572152624 -0.56129719904029129 0.44580516759684236 0.016952463300072836 0.48244302092782781 0.3501882968532401 0.80270137803115693
                        1341848024.55865 -2.0006257932080516 -0.57808836639861449 0.48629960387643828 0.0087988515882132575 0.49652348726107209 0.35998896828629939 0.78980690647841156
                      1341848024.7270839 -2.0004157265222893 -0.5946439818490209 0.52361795902708153 0.00024126121207791116 0.50920338073819593 0.37102946711666346 0.77656229200814553
                      1341848024.8947971 -2.0058411136976977 -0.61940591900483899 0.5652690481468694 0.0010235839816967449 0.52051227709740422 0.38155919221894274 0.7638576467509739
                      1341848025.0627091 -2.019341783453779 -0.64274954525744921 0.61052605498140455 0.0035274540611662927 0.5288131839474669 0.39552184465183976 0.75093717710231589
                      1341848025.2627161 -2.0362279140256021 -0.67173028934211243 0.66279012546491334 0.0028676563282347104 0.54109647230558267 0.40926998600036701 0.73464580769571985
                       1341848025.430702 -2.0463622976187841 -0.69514624692971605 0.69405472815365266 -0.00027624987360391382 0.54701507819787454 0.41427979520551728 0.72742468970653951
                      1341848025.5987549 -2.0466603177632701 -0.71527413577264654 0.72747521832461981 -0.0050665613603300529 0.55791293647738927 0.41594319552641368 0.71812167726815934
                      1341848025.7667279 -2.0467041516395437 -0.73357272009415342 0.75730023015886372 -0.010438082451458984 0.566691276039754 0.42023127737671645 0.70863087542775427
                        1341848025.93485 -2.0455990630628906 -0.75207169015229303 0.78578981519036695 -0.0073722593090562961 0.57201399352217153 0.43116377951919316 0.69774166869853893
                       1341848026.102834 -2.0433220211353906 -0.76950868242025927 0.82272691468007342 -0.0062884502378527125 0.58015495132318207 0.44150653405318702 0.68443602201896447
                      1341848026.2670269 -2.0406649162029247 -0.78578105397877651 0.86224961124109945 -0.0035431132693070832 0.58433841307692591 0.45857500088288855 0.66951104092192504
                       1341848026.434767 -2.0384702869202722 -0.80523060387397671 0.89365064927976468 -0.0033243563939264801 0.58917552437452692 0.47106080199786887 0.65647762410739641
                       1341848026.602778 -2.0350274244378137 -0.82075521316847055 0.9250620989834083 0.0002367548280890469 0.5987974666602417 0.47146184574465694 0.64742973817663774
                       1341848026.806756 -2.0405223284575906 -0.85259367507528394 0.96868357844468966 -0.0023407125098471602 0.60415827635209907 0.47249772517828842 0.64166439661364227
                      1341848027.0068469 -2.0552212525276303 -0.88195058281640826 1.0223902714712809 -0.0084337224451710331 0.60433378100143753 0.47066600603707737 0.64279317375601486
                       1341848027.174845 -2.0750984062235962 -0.90911768507463786 1.0683418347798967 -0.0048548322728441612 0.60965508783265532 0.47210953024353391 0.63671790923185889
                       1341848027.342833 -2.1040070056421603 -0.94120542006237196 1.1090615432135265 -0.00013383245386813108 0.61662450396050639 0.47405861903468294 0.62852416733429062
                      1341848027.5067799 -2.1279159209663794 -0.97145649050850691 1.1472815853777998 0.012685465267216593 0.61848407289994567 0.46759588444456834 0.63140368971882876
                      1341848027.6747749 -2.148793985750435 -1.0018932586864293 1.1808796972449955 0.01818266051929996 0.61628402051304754 0.45947013540017007 0.63933605528865889
                      1341848027.8428619 -2.1528936375754686 -1.0263892560084533 1.2172685211932359 0.016561110769323834 0.61388287646438133 0.45546712218322088 0.64453335383363852
                       1341848028.011132 -2.1455036222731909 -1.0489034020003662 1.2544241791906174 0.012617000126840925 0.61098022034688548 0.44660897099253 0.65351695362986872
                       1341848028.187273 -2.130593648418607 -1.0823600419895028 1.2847861893122157 0.017462905706033108 0.61068471273270031 0.44533054510507786 0.65455323248403252
                       1341848028.447654 -2.108627928656253 -1.1144010655756558 1.3321199842146518 0.027398220572939867 0.61675166894704259 0.44602100266239852 0.64802159033824092
                      1341848028.6146679 -2.0966665193866887 -1.1483563436166271 1.3785539879553228 0.029891654690367041 0.61903846870808998 0.44946127953073173 0.64333694238867745
                       1341848028.850785 -2.0736342854368135 -1.1870543484424609 1.4402264135599925 0.034105941864166878 0.61950515151017138 0.45080038498785235 0.64173917199803376
                        1341848029.01875 -2.0651908867759778 -1.2143513691782819 1.4715691573867591 0.031758298778205331 0.61511629679552604 0.4540159382020213 0.6438112143585345
                      1341848029.2187231 -2.0461637897729026 -1.2513252953778546 1.5092669401468266 0.019306395342320714 0.61847491267930765 0.45572912112555741 0.63986484013683387
                        1341848029.38694 -2.0421582584473397 -1.2715240309193019 1.5422999491311107 0.01496263337645135 0.6239694000116931 0.45538883462332086 0.63486952734550395
                       1341848029.554734 -2.0372788333050469 -1.3049080055166009 1.583490772379389 0.011475246911565217 0.6348447677399125 0.45814313917654859 0.62204927747489014
                      1341848029.7188151 -2.0466264693628946 -1.3375300778104913 1.6212465617632144 0.014072168696980211 0.64277288743498717 0.46629037598744344 0.60763333887151205
                       1341848029.888015 -2.0603977245934164 -1.360979049014154 1.6627403113903518 0.016003231168714091 0.65112079233910169 0.47302326321043009 0.59332503978647111
                      1341848030.0548029 -2.06911776609335 -1.384837465105736 1.6999954782353905 0.012291631952223117 0.65699089537337663 0.48096289808454423 0.58041930519802365
                        1341848030.22278 -2.0754084062631213 -1.4073390952911065 1.7290221367427669 0.0069054132522136363 0.66351474102696817 0.48615978141116056 0.56863799613285082
                      1341848030.3908479 -2.0688841872484516 -1.4210483176603776 1.7625762388770361 -0.00036919874813607956 0.67221029030320056 0.49259213183150846 0.55270804314797251
                      1341848030.5658579 -2.0644027934294251 -1.4347340260402359 1.7957837232160887 -0.0040545147944571177 0.67911578261820815 0.49753179029195832 0.53967344974300802
                      1341848030.7587819 -2.0451937162344032 -1.4587847641562486 1.8363963191961081 0.00044279676593735311 0.68868771482973457 0.50613130315963573 0.51917255256374195
                        1341848030.92676 -2.0355924184542986 -1.4857983073424834 1.8787736760463623 0.012828674075818973 0.69837781100564034 0.51461358729651396 0.49726925702906649
                      1341848031.0948009 -2.0227803450485813 -1.517652699372134 1.9157139181446272 0.026061431413631611 0.70587349821419287 0.51986938122061122 0.48041568748410929
                       1341848031.262738 -2.0099398110999389 -1.5467959383665335 1.9500109189415169 0.033027394070847864 0.70527520912249175 0.52503874313681942 0.47521614960291858
                      1341848031.4306271 -2.0003289106000035 -1.572287576315937 1.9739748682736009 0.032195598632935245 0.70639304250597335 0.52895166046945952 0.46923603209304238
                       1341848031.630831 -1.9937416239391887 -1.5980997003685651 2.0022072845698009 0.027371034961219374 0.71603745882027769 0.52927805799644434 0.4543191844230921
                       1341848031.798754 -1.995361432247946 -1.6205288177873602 2.0294395927140654 0.026524777612928156 0.72683996314505916 0.52741143958039227 0.43913241459451857
                      1341848031.9667089 -1.9986062002240756 -1.6456288845493168 2.0587017211778136 0.030648802613322784 0.73673100850414863 0.52983152039398917 0.41900672071438605
                       1341848032.134784 -2.0008390136198173 -1.6716844772250237 2.0917606751262916 0.029177385585937844 0.74340707100571635 0.52906615908310384 0.40814654998189454
                       1341848032.302891 -1.9993019041476563 -1.6945624197298479 2.1267967550793689 0.027567881853210994 0.74619598547342403 0.53082959082869285 0.40081355847091249
                      1341848032.4708481 -2.0024305597248802 -1.715395476955808 2.1574386711221409 0.027403721390228512 0.75178155436733929 0.52927809440402218 0.39234962641888793
                      1341848032.6347661 -1.9974283271062276 -1.7407212041811704 2.1833192817851259 0.031830841571646007 0.7561542087006885 0.52565929506967324 0.38845838348004641
                      1341848032.8030379 -1.9884802416262413 -1.7701582703847341 2.21569984227231 0.033859132665030003 0.75994443903756259 0.52146573463585844 0.38653783296301114
                       1341848032.970839 -1.9746726173022233 -1.7924146534371803 2.2473013965021797 0.034497305769221359 0.76034779063344782 0.52235331626900305 0.38448431197680133
                       1341848033.139123 -1.9483169854941915 -1.8088590695126954 2.2708334819590732 0.035779279984977562 0.76685543985473337 0.52054121603807424 0.37375047811951079
                       1341848033.306706 -1.9260647134047584 -1.8263299554244872 2.2993429348463419 0.037124433111663392 0.76967028335619858 0.52694492655141534 0.35855052052151626
                      1341848033.4746821 -1.9030630610984687 -1.8424347909883914 2.323142656093597 0.035750873374487985 0.7721781440476343 0.53026036795396925 0.3482624457007007
                      1341848033.6429541 -1.8816049152899641 -1.8584054821144824 2.3420646249189563 0.039223259134924172 0.77385498694870425 0.53391227338191682 0.33844893181927582
                      1341848033.8119321 -1.8647215105996267 -1.8773737597173377 2.3587505385160661 0.040716322284626016 0.7761346397605271 0.5355331193476256 0.33039594450479154
                      1341848033.9789331 -1.851267769162094 -1.8923974856141959 2.3742171559062042 0.039651805293525036 0.78400555416695739 0.53430027365504307 0.31350636826781125
                       1341848034.142724 -1.8489236891534413 -1.9103009975492917 2.3876894248024256 0.042180191819517918 0.79756326975461223 0.53045708844836581 0.28412838554302022
                       1341848034.318578 -1.8444790624604326 -1.9340506682342875 2.4103632165976943 0.045187159235172955 0.8062269185816735 0.52930866062162041 0.26036247461088019
                      1341848034.4856901 -1.838710090451976 -1.9610694095171817 2.4380264716356304 0.049292030695685725 0.80895868592297371 0.53156522691087094 0.24615960212607077
                      1341848034.7152209 -1.8212431942115692 -1.9935594234895013 2.4969002034343246 0.045494124127141281 0.80755170615179017 0.53550359248080737 0.24295355317711748
                      1341848034.8827479 -1.8076807953922711 -2.0088140334098257 2.5361181903653911 0.043686361211002292 0.80567743505695621 0.53959131879414646 0.24045078741018858
                      1341848035.0515881 -1.7938305173742481 -2.0178211247814826 2.566347639441394 0.039994375496928802 0.80589813744730632 0.54330272825890402 0.23184216064815502
                      1341848035.3202159 -1.7614218858116368 -2.0339517479803182 2.6017800951372236 0.038157182937392176 0.80654658315874295 0.54583767478225431 0.22380319786263425
                      1341848035.5508659 -1.7231838154180836 -2.0559930587879771 2.6276590169549277 0.051882097364732427 0.80829132788894054 0.54678075622819955 0.21214189084451923
                      1341848035.7188079 -1.6952473745669867 -2.0693241174351327 2.6514077894799231 0.058853067593292119 0.81012137996518419 0.54971468260454226 0.19507289377858894
                      1341848035.8867259 -1.6593022962134663 -2.084920370812406 2.6645388088566526 0.061457204122283948 0.81108027037712482 0.55379912285942812 0.17798409644282856
                        1341848036.05494 -1.6281627558723726 -2.0984586129536416 2.6848159768254423 0.073522066207087095 0.8097121504393513 0.55710101222251107 0.16911298410286429
                       1341848036.223325 -1.5997342510368369 -2.1066064756278133 2.6982112353269976 0.069987753688072696 0.80968166991743584 0.55969710431232411 0.1620384496278881
                      1341848036.4588571 -1.5538052305718244 -2.1241869607880659 2.7219611216441151 0.060590018618238754 0.81354484551543005 0.55866047582646716 0.1495730815637023
                      1341848036.6268139 -1.5137004897777924 -2.1385151154323383 2.7433772836195187 0.060748573391035905 0.81824230278665622 0.55426639156936719 0.13992109182684639
                      1341848036.7907951 -1.4693295368635362 -2.1623417790380688 2.7709632787594636 0.066143359514839614 0.82624132751323842 0.5452590793542591 0.12507142392648357
                      1341848036.9948771 -1.4132046182991485 -2.1962134975391456 2.8033233458488995 0.067884128404632538 0.83163133907764586 0.54120768245406914 0.10428473247489591
                       1341848037.162827 -1.3671625120664226 -2.220272954071866 2.8271246126982033 0.069386777711604647 0.8396673867489306 0.52965880147484956 0.098008717618628477
                      1341848037.3268831 -1.3327796137558527 -2.2492486054196328 2.8633898557699227 0.073040422705941827 0.85145912225211784 0.50775581157574123 0.10893344571641303
                        1341848037.53075 -1.2800640709453646 -2.2698840252406995 2.8841521575814846 0.067016266230407184 0.85521029441381446 0.5015940242654976 0.11192679397854449
                        1341848037.69873 -1.232076203455079 -2.2772933744268125 2.900133493770594 0.056776122907527794 0.85642053715767363 0.5019307201691704 0.1067046744646602
                      1341848037.9309771 -1.1696774308678362 -2.2809843506287613 2.9158803412003813 0.05837881319791003 0.85414251109516848 0.51004943260432611 0.082958189527307158
                      1341848038.0986929 -1.121230583019535 -2.281504851841254 2.9293699423631838 0.055381133431397007 0.84827241470243364 0.52276545696493804 0.063899276357372095
                       1341848038.274266 -1.0691307210572034 -2.2749781336416883 2.9381178081338399 0.050740732823571943 0.84731489353975908 0.52636363537857711 0.049235887006145597
                       1341848038.442214 -1.0165916052851196 -2.2801018111052254 2.9446951268476553 0.043724626508963117 0.84879744463138806 0.52549817544003374 0.038506137602635743
                       1341848038.634757 -0.96421764973495394 -2.2866994276944075 2.9565292832765473 0.039136560111131126 0.85459465652651523 0.51680435360957711 0.032396956480242156
                      1341848038.8028269 -0.92223306775862923 -2.3086667429686498 2.9710164785287088 0.037102358896667957 0.85467564918542505 0.51695859128202526 0.030112531502337263
                      1341848038.9707999 -0.88534562224976754 -2.3222524215338973 3.0029387636237077 0.041903543761314867 0.85574630182638722 0.51541796910762905 0.016931540144732454
                       1341848039.138659 -0.83770085543538908 -2.3320313465650218 3.0302163055673312 0.04160624836906799 0.85630587658981083 0.5147904070440501 -5.1281850805870498e-05
                       1341848039.306767 -0.8063189710099572 -2.3522754203180969 3.0545738896465098 0.042962045519702417 0.85577861552256973 0.51546223665091973 -0.0097931836431246599
                       1341848039.474885 -0.7767701029911781 -2.3676041004424024 3.0732945849453737 0.039845277344504361 0.85427374869062223 0.51804468998190434 -0.016075302577674516
                      1341848039.6427319 -0.74110840716469673 -2.3682506541920363 3.0861079931523157 0.033044023102080967 0.85528798742749934 0.51660877964891383 -0.022492663006124927
                       1341848039.807101 -0.68779684058195389 -2.3641613957445631 3.1020938626008627 0.023870720598924301 0.85838435142759972 0.51158985897171172 -0.029703705486208411
                        1341848040.01073 -0.62986291100701641 -2.3589983681697109 3.1089827506585959 0.026818271429561759 0.85910003068796981 0.50917044128583311 -0.044422734159997132
                      1341848040.1788249 -0.59650261657103165 -2.3697005313306767 3.100679641916595 0.030247068978385406 0.85081335909400668 0.5212985784259988 -0.058732741604854699
                       1341848040.346941 -0.54195461261792355 -2.3641388766337736 3.1071724348269396 0.033685181974105416 0.84696040251522065 0.5247438155292613 -0.078532242744107722
                      1341848040.5108809 -0.49446448714657981 -2.3524715958020321 3.1113324056358782 0.03959357515201193 0.85055487656328399 0.51599116938562106 -0.093497935149167918
                       1341848040.714664 -0.44195697790794564 -2.362743918663694 3.1105926392951075 0.030693431272858042 0.85271448342655876 0.5090634764774995 -0.11309420828635651
                       1341848040.883358 -0.40314767891138703 -2.365654670044484 3.1006451916377848 0.015739144102580448 0.85349693783076441 0.50077444258302517 -0.14324878398118068
                      1341848041.0588889 -0.36402388663841684 -2.3620023853225782 3.0910272795479319 0.02243840354802315 0.84842497510469383 0.50027387515177657 -0.17145736935296976
                       1341848041.284122 -0.33284989097081802 -2.3596475015875353 3.0829891179428479 0.038622240100116452 0.83333764787841569 0.51261498331998845 -0.20318111643055486
                      1341848041.4515221 -0.29319077420880668 -2.3410974881572342 3.0837376590204846 0.035871490768662029 0.82966463228851328 0.51087724697208658 -0.22220322366208228
                      1341848041.6187589 -0.25859688265328173 -2.3083896124002936 3.068112899783205 0.026981090952202094 0.82280410475113308 0.51337831253537214 -0.24229761483359519
                      1341848041.7867229 -0.21509504006699215 -2.2791441266982346 3.0479027071334373 0.028571660634756631 0.82255981802719624 0.50590352617028045 -0.25814846151800835
                      1341848041.9867339 -0.16313367125027095 -2.2647500044213271 3.0020058104653584 0.039347138690078373 0.82024013265459217 0.49987411313833302 -0.27528857308985039
                      1341848042.1548071 -0.13021839378458774 -2.2368039918332139 2.9684494658985052 0.044541780378403527 0.81853808821021001 0.49324515500436761 -0.29106811061092552
                      1341848042.3227921 -0.10972742375903487 -2.21902217149721 2.9304687422750169 0.037024233204456511 0.8109450483312991 0.49755747111590709 -0.30566958906523933
                       1341848042.522727 -0.072689529895315796 -2.1894633153787204 2.8977520669351344 0.042535571532120578 0.79902541353220691 0.49979373348799505 -0.33159514117407174
                       1341848042.697819 -0.027712992679979235 -2.1568747814390399 2.8775887228109607 0.040673379183083655 0.79339984795549878 0.48870628817227263 -0.36059467743007573
                      1341848042.8617439 0.0027390612180678668 -2.1263183931381064 2.8670588451345091 0.046159480667982179 0.78450161116957262 0.47995446728284896 -0.38996183627637665
                      1341848043.0303881 0.039109587383879561 -2.1059763422340971 2.8474931021636465 0.047229731113600813 0.77639716989566065 0.47373908780276519 -0.41297465269039174
                       1341848043.201911 0.061914317309605317 -2.08707377906725 2.8261558495484493 0.044340474819994785 0.76830457248897721 0.47457980593469973 -0.42721892980560949
                       1341848043.369863 0.095503060693014924 -2.0719298215572932 2.7948321697996921 0.038367334736169843 0.76344712531474734 0.46827264396200746 -0.4431671980085195
                      1341848043.5378399 0.11124539156877714 -2.0337717338369199 2.7560248812947195 0.041636897916768299 0.76177316523675076 0.46102346614398748 -0.45323876392210138
                       1341848043.701997 0.12727799248021066 -1.9971913199766946 2.7155408876048974 0.045684931842801667 0.75610442447367099 0.4595384159108768 -0.46372775482601802
                      1341848043.8703849 0.13420440810664072 -1.9656174764753431 2.6752488430893822 0.047618910717084066 0.75130994765996328 0.45709441010445773 -0.47363541056445485
                      1341848044.0377221 0.13611011074224813 -1.9345608078126189 2.6360857344840465 0.048590492294182656 0.74837801679296434 0.45729850533375493 -0.47796169831813129
                       1341848044.205765 0.1519187281600827 -1.9031035406598282 2.5969112667428149 0.046730021781902727 0.74391870487909528 0.4567457400101706 -0.48557655892540169
                       1341848044.373771 0.15972583956540279 -1.8906258089873955 2.5658096337077727 0.047760004695543444 0.7378596061709749 0.45726165866688001 -0.49415985171390581
                       1341848044.541889 0.1625146858736928 -1.8613373236120463 2.5399818456462886 -0.052459667377068413 -0.72606701350137448 -0.44957787279393929 0.51764313141193985
                      1341848044.7716141 0.14984511943025566 -1.8247591946249455 2.5146715154173274 -0.063700157143706637 -0.71632455837964681 -0.43096427623270517 0.54506073941652755
                      1341848044.9708309 0.18043235280154893 -1.7802086258246792 2.4733283575745943 -0.064554474372797516 -0.71140809835008256 -0.41254458439651198 0.5652771031321544
                      1341848045.1393111 0.18959667740506467 -1.7733168917698512 2.4292253176309244 -0.068891814523777545 -0.69917297149525437 -0.42363373944221577 0.57179150800647827
                      1341848045.3068631 0.18741626154123434 -1.7333412865161537 2.4029175352996468 -0.065510289179887618 -0.6991090707829295 -0.41917203139794151 0.57554297602726379
                      1341848045.4748321 0.19048072151573589 -1.7003590956991972 2.3671900203590561 -0.064062365066767865 -0.69702675163280392 -0.42216617869576295 0.57604291372752003
                      1341848045.7431359 0.17086136396229232 -1.6459001266653579 2.3051347406397484 -0.059442649797658259 -0.70148794804556525 -0.42716280895628689 0.56737391971823137
                       1341848045.906846 0.16421209908222631 -1.6138786050752401 2.2620061126309103 -0.059337096571583724 -0.70075550649253471 -0.43556501898751881 0.56187538060075926
                       1341848046.074759 0.1604410934702995 -1.5725926300619695 2.2397103256932231 -0.054638595604505291 -0.71654826518786585 -0.43624119112812876 0.54154116250728224
                       1341848046.249758 0.1508654451893823 -1.5505984333326772 2.209649705622676 -0.053057328595657323 -0.718044438166628 -0.45397411386269881 0.52488532904134544
                      1341848046.4177799 0.16900370017711222 -1.5255739300465889 2.1906980179486681 -0.045956849507429384 -0.72215465759166952 -0.46417766843610625 0.51080300569518045
                       1341848046.586113 0.19338501880931719 -1.5021662219564249 2.1646966673096744 0.041658180446118166 0.72145737632294993 0.47376302057140324 -0.50330155025609069
                      1341848046.7787549 0.23451561684734012 -1.4796239270022415 2.1532995731614877 0.038135803400760303 0.73188416876861251 0.47216790883448451 -0.48984557757698061
                       1341848046.947809 0.27433425365635 -1.4721651465195866 2.1501085419058232 0.040012642318248609 0.73435050839379268 0.47133266785040151 -0.48679958452479533
                      1341848047.1484029 0.32601338329614771 -1.4680776596533507 2.145277595503341 0.04410854489178654 0.73417592167097345 0.47682173384972626 -0.48133271905683594
                      1341848047.3506629 0.38742789190661109 -1.4382217465586846 2.1248459251212068 0.035905530497847497 0.73648614373511034 0.47997882587456403 -0.47530966714125383
                       1341848047.518985 0.43021698273347775 -1.4341083294103012 2.1200219356272068 0.038047741381456654 0.74722251398805684 0.47921430610315402 -0.45887311186341107
                      1341848047.6867099 0.47277363682417511 -1.4226682539874103 2.1026713099450829 0.034697887797481911 0.75334123426490729 0.47746840961761761 -0.45088464062977629
                      1341848047.8868711 0.50757781125172841 -1.4216801598137749 2.0769521527115358 0.033464641241517358 0.7505887898031165 0.48555923980086996 -0.44691029418941619
                      1341848048.0549581 0.54277986662739952 -1.400893934344835 2.0553343848024319 0.029430903419668496 0.75270364833504577 0.48119603030156521 -0.44835412357759025
                      1341848048.2229979 0.57257322264912192 -1.3962823033840566 2.028848635624882 0.028414069211162477 0.74875422398894798 0.48134277412728677 -0.45482841437735561
                      1341848048.3871701 0.60050348706228107 -1.3941485815081827 2.0145145196525949 0.024180631783831487 0.74975693144149269 0.47533121833383285 -0.45971738457365935
                      1341848048.5557139 0.63791763258266232 -1.3800589665256506 1.9933207532598916 0.016452520053593444 0.75227743354045962 0.46441648592645557 -0.46703886901347713
                      1341848048.7227249 0.66612074802644161 -1.3840627999244257 1.9692910797854255 0.014817655889696814 0.75628513429170707 0.456020373100118 -0.4688908743417155
                       1341848048.891115 0.69683588585380885 -1.3750027926635893 1.9499578168781493 0.0048023101816753308 0.76204004594115704 0.44554301568923038 -0.46985458108809008
                      1341848049.0588541 0.72997959085187281 -1.3737139886449306 1.9271445812996606 -0.010807523387117549 0.77221930369752867 0.43690910341362715 -0.46116263919515588
                      1341848049.2267849 0.76534934123266884 -1.382929000357066 1.9094962585242461 -0.013366895498664206 0.77736814663998688 0.43449969471446037 -0.45467582516258809
                       1341848049.394804 0.80244720740746822 -1.3809429093072167 1.8982400893889058 -0.012604361071963104 0.77954769076381303 0.43174014596699722 -0.45359340192199682
                      1341848049.5628221 0.84632103816453652 -1.3816583004481231 1.8926168912920376 -0.011780684897290037 0.78033458627079033 0.4241479438687708 -0.45938836581354503
                      1341848049.7308869 0.90205317024621479 -1.3700245539056066 1.8787808308867568 -0.0077179399201100108 0.78109361775671404 0.42260754346636115 -0.45960424052487331
                       1341848049.930867 0.96019500697571047 -1.3558979392988733 1.8753146115035841 -0.0072059370287304719 0.78681115410337332 0.42686805586532667 -0.44571285053474968
                       1341848050.098702 1.0060844000636604 -1.3523232222493089 1.8612250789553015 -0.0054070850849657287 0.79025859781156993 0.43317906796466887 -0.43337974928812301
                      1341848050.2667561 1.0430296610719219 -1.3348554874938907 1.8513509218906219 -0.009143094188754362 0.79529478863639391 0.44027063885353052 -0.41663457316928632
                       1341848050.434797 1.0762875007133823 -1.3174902960793482 1.8372009450801017 -0.013189854135747405 0.79944710057622803 0.44824948710517842 -0.39972835580939797
                      1341848050.5987999 1.109677518816945 -1.3051971609578359 1.8201278121971995 -0.01790919105362053 0.8057353157124183 0.45316203744035838 -0.38093835421563688
                       1341848050.766912 1.1409018872509964 -1.294293805990431 1.8030512523071431 -0.016899939123265751 0.81317866218799406 0.45581028572042614 -0.36151326234487974
                       1341848050.934824 1.1653968207103607 -1.2810304623191058 1.7941586746063214 -0.019229214132042791 0.82296065703112287 0.45739118952043162 -0.3363915784496565
                      1341848051.1027579 1.1976642660362598 -1.2676715864591661 1.7755936762989808 -0.022440670466772426 0.82954981674332839 0.45746276506379702 -0.31948605044711642
                      1341848051.3028049 1.2222784312257753 -1.2621174461619604 1.766809356682987 -0.02484678085753915 0.83976212183050492 0.45168659263205302 -0.30026894320956932
                       1341848051.470921 1.2453300726873406 -1.2627171692843355 1.7498155508482791 -0.029691463935619344 0.8466060898406389 0.4477096077597072 -0.28623880368278648
                      1341848051.6388929 1.263658502565302 -1.2564745175654368 1.7360490598535008 -0.049720750152576404 0.85463546162305759 0.45031456172654494 -0.25365896443382047
                       1341848051.806721 1.276232828351334 -1.2600838187875734 1.7486762003183327 -0.058313086272611087 0.86343747858556785 0.45077730808276545 -0.21880384608323458
                       1341848051.974829 1.2845995553972263 -1.2708472447452581 1.7670240614623869 -0.075777203632330162 0.86435617127291842 0.45757285578556073 -0.19435355988592545
                       1341848052.179162 1.2758257099480537 -1.2868505282643781 1.800309794551451 -0.096566019964202512 0.85838378424118811 0.46705140283244279 -0.1889848402711124
                      1341848052.3796329 1.2717975557351724 -1.3073046817832752 1.8347346458219236 -0.11649745949221077 0.84986484902938975 0.47635408007087399 -0.19298930207642315
                       1341848052.579179 1.2733185738314672 -1.3315212163011816 1.8695329337581148 -0.13014898450482806 0.84600954920961902 0.47694745840963826 -0.19962516473402317
                       1341848052.778723 1.2763622111207207 -1.3578316022678629 1.905815783803666 -0.14371989672637919 0.84007432754650524 0.4822708827446151 -0.20256976857116579
                      1341848052.9467161 1.2450312648907267 -1.3877230821111519 1.9564138866524787 -0.15284752527415929 0.83811516210878279 0.48067402054982561 -0.20773323044087083
                      1341848053.1148601 1.2381543000769979 -1.4218983621979371 1.9904701421736233 -0.15719548156979066 0.83133872737331982 0.48003115997639545 -0.23180937512332606
                       1341848053.292717 1.219672943654118 -1.4556530404300345 2.022388012142216 -0.15449667384964083 0.82916101798546504 0.47397774593652464 -0.25291872287285627
                       1341848053.453759 1.2188486867969919 -1.4806317260072868 2.0542672714933294 -0.14788406616056765 0.82476716768770364 0.46657994965926464 -0.28318293143510331
                       1341848053.621933 1.2183795580898074 -1.4992094368720248 2.0822952673736763 -0.13539534152049643 0.81578332591975655 0.46735377008759682 -0.31264375930243399
                       1341848053.789892 1.2116414302894556 -1.5215928369932126 2.0986073585157978 -0.1220599008443649 0.79951702259363389 0.47054418824999766 -0.35279183393755803
                       1341848053.986846 1.2259232361535555 -1.5445447170220035 2.1093201557659476 -0.10816433612111587 0.79127038785944459 0.4535904863429257 -0.39553422151241319
                       1341848054.186722 1.2576744676964231 -1.5736680807648813 2.10475372130476 -0.071168618684933044 0.78775016601445447 0.44607274260776042 -0.41881238276950333
                      1341848054.3548031 1.2957148434425312 -1.5834862561059502 2.1043984972202208 -0.071737902170012954 0.78293857023809588 0.44582102863655521 -0.42790709161127
                      1341848054.5227351 1.3288459157200494 -1.603115994397615 2.1094441302716866 -0.064894202112260158 0.77916020749710291 0.44991465189946112 -0.431595782638653
                      1341848054.6910419 1.3514591500541215 -1.623453903376773 2.123372155997973 -0.062334718855805694 0.77792089169441314 0.44276080509872912 -0.44149330522541563
                      1341848054.8590369 1.3747090396200039 -1.6438234652280486 2.1338798214844048 -0.060554859846309025 0.77564836398238657 0.43020298466323803 -0.45785163141271296
                      1341848055.0230789 1.402012476546965 -1.6582431783944336 2.1534089205948668 -0.057593932757403987 0.77727481798638487 0.4122360685758989 -0.47179256034708172
                        1341848055.19101 1.4479682535777769 -1.6741391150849116 2.1696609125736761 -0.056610230274544163 0.77584227911220927 0.39794418909947898 -0.48631724432945411
                       1341848055.359026 1.5063832030424815 -1.6994319239023195 2.1858271090885566 -0.052828496765612 0.77635448422795716 0.39277455149615859 -0.49011326899566787
                       1341848055.526772 1.5675474360494783 -1.7176561265961483 2.1940570446229168 0.056840331554587391 -0.76894602101881626 -0.39433549709326104 0.49999070911398524
                      1341848055.6948149 1.619673276346689 -1.7277688300508833 2.2083939899875511 0.060374287528875754 -0.7633131428646005 -0.3916956500238431 0.51017889910103675
                      1341848055.8628471 1.6634081109779426 -1.7139036741893647 2.2214157096180056 0.057309926030085896 -0.75537656765661587 -0.37898768957282053 0.53149801934343244
                      1341848056.0307429 1.70912994952988 -1.7136384855903752 2.1893319760936558 0.054842930215726657 -0.74792779760764916 -0.37576651110132975 0.54442243865022566
                        1341848056.19876 1.759403581332277 -1.6765159707516279 2.1872375370683179 0.053099504332842482 -0.75130754371728381 -0.36475998861093817 0.54741900597408621
                      1341848056.3667519 1.8086683649187183 -1.6463906059810363 2.1392554147239049 0.047807920451805562 -0.75122678306968171 -0.36726622296461708 0.54634077699742989
                      1341848056.5348561 1.8600682714434185 -1.6103906268356278 2.1060340037148788 0.022920260234360942 -0.75142004882841917 -0.37465423147612048 0.54265714657279041
                      1341848056.6988981 1.901479811820034 -1.5800342228811171 2.0678729844730768 0.0076270256683055801 -0.75335582841395876 -0.3803494120699743 0.53640576899600734
                      1341848056.8666711 1.9355449149901931 -1.5496260815782006 2.0371056315346925 0.0075953376908986809 -0.75688753507527318 -0.3884016857809956 0.52555465993131412
                      1341848057.0350201 1.9627042163404556 -1.547303593386339 1.9905670858348425 0.010087164655783801 -0.74770035644466937 -0.39817240239117502 0.53132020858966189
                       1341848057.202667 1.9930453839886222 -1.5101710718069872 1.9709300842052158 0.015711057247319457 -0.74448820991602205 -0.40288697383133193 0.53213960038061459
                       1341848057.370867 2.0413420112780494 -1.4764859949611651 1.921902388872446 0.015649740921231791 -0.73059976022491335 -0.41489848949320263 0.54206855598222659
                      1341848057.5388041 2.0849391072066314 -1.4397782535967916 1.8871802926030588 0.010798236963499821 -0.7223891150719054 -0.41403355584487772 0.55372698971474743
                       1341848057.706841 2.1319745262359096 -1.412361942332889 1.8603875091701458 0.0016122563807938945 -0.70763653019308814 -0.41236329171197988 0.57376341589030389
                      1341848057.8748469 2.1823619078021292 -1.3668272414631661 1.8383934993755116 -0.0058167852702895864 -0.7058732055321173 -0.39682515792727685 0.58671882256914565
                      1341848058.0427899 2.2277841909979306 -1.3328939253358012 1.7932852225944975 -0.0097515030394474296 -0.7078432575390512 -0.39440175413033929 0.58592669104921946
                      1341848058.2071021 2.2679277083814453 -1.3063694946654141 1.7456748631535004 -0.0073614325315222899 -0.71758839239600525 -0.39438696445328597 0.57399619395856916
                       1341848058.374917 2.2885055836348425 -1.2602100298319001 1.711389686458934 0.0051903216300625216 -0.72676914640174128 -0.38926428026521942 0.56590899313357956
                       1341848058.578964 2.311758092732676 -1.2367956488688567 1.6504813626735069 -0.0070389494378746455 -0.72338003101406123 -0.37806270258367275 0.57770267165388489
                      1341848058.7468541 2.3182653821872639 -1.2030030977360879 1.6193506987377313 0.0033564493638355676 -0.71748977831956096 -0.3709940958016314 0.58954264742675333
                       1341848058.946831 2.3212977003458479 -1.1817688511107043 1.571021826467295 -0.0071590623815652168 -0.70989017128552023 -0.36736590041054989 0.60087185635006868
                      1341848059.1147051 2.3200191419654259 -1.1731094265174296 1.5567169260412108 0.00014404067570013773 -0.70539655427217096 -0.35971125061983916 0.61075649538154186
                       1341848059.282764 2.3184986116806474 -1.1632945304753544 1.5507961562106083 0.0098286764820166329 -0.6975592531611261 -0.3539386481790377 0.62293010745435895
                      1341848059.4468801 2.3205007784219962 -1.174546860879754 1.5436252722173385 0.013095888657954923 -0.6907801603401339 -0.34571701387476089 0.63492599104008629
                      1341848059.6147599 2.3278327264838894 -1.1600530259169051 1.5528927959293812 0.017678730447678634 -0.68826772468872899 -0.3334996891027272 0.64401316679858556
                       1341848059.782784 2.3336857397826565 -1.1610832491029612 1.5397256409634954 0.022856550977334682 -0.68713371643159427 -0.33177474649710692 0.64594918639712406
                       1341848059.951468 2.3439742275510169 -1.1514922093342808 1.5352479004466646 0.029817703048661576 -0.68816241095610775 -0.32641816631922949 0.64729790778958252
                      1341848060.1188259 2.3554288427749204 -1.1469191711601889 1.5429446337122243 0.043998878646713625 -0.69724994944498153 -0.31648226326886214 0.64167404787245452
                       1341848060.287482 2.3544978545112194 -1.1633234292757244 1.528285555550821 0.054482782068227716 -0.68994907349363133 -0.32483282684499981 0.64458167600954352
                      1341848060.4547939 2.3542125308076827 -1.1599853532518685 1.5512664732707777 0.064871874389890838 -0.69325909726774748 -0.32430058144660995 0.64032226014877913
                       1341848060.622721 2.3453717208523885 -1.1562562803396226 1.5632821369386081 0.079751648180059156 -0.69053338157927346 -0.32381923544246111 0.64182896965992253
                       1341848060.791034 2.3417191698808422 -1.1641021369486613 1.573554688655934 0.080625815938295986 -0.69595415954127271 -0.3199807028823084 0.63777710479792926
                      1341848060.9975929 2.3251619019111227 -1.1775597336910273 1.5864012555049483 0.076488128244123238 -0.70826670846892503 -0.31513921787881854 0.62705271649760985
                      1341848061.1979871 2.2912533780020254 -1.2030607044953567 1.5958108561068558 0.080969117794127674 -0.71437483861143181 -0.30841534614761607 0.62289049293048104
                       1341848061.391495 2.2662940788817996 -1.2339235705714404 1.6024426033113834 0.085043940433645659 -0.71904478854486731 -0.29661411823462447 0.62270553645032078
                       1341848061.558836 2.254579638079858 -1.2531929344795605 1.6053672749625423 0.084885473369458175 -0.71724850725652645 -0.29557915380324212 0.62528553404511689
                      1341848061.7267499 2.2398796345348377 -1.2528362225773395 1.616041621377591 0.086974544881889174 -0.71545344207701411 -0.29178793052376334 0.62882557546858764
                       1341848061.894887 2.2301186683889083 -1.2604211286384395 1.6158371029284291 0.088034697881043997 -0.71140876697013544 -0.2976820873782951 0.63050204845117364
                      1341848062.0640581 2.2168534305963949 -1.2582945434188162 1.6192639104961972 0.089015897249017414 -0.71225624200056126 -0.30399578701129371 0.62638149497536622
                       1341848062.230763 2.1978004730604499 -1.2529672918713315 1.6210739088219022 0.092299179803176035 -0.71591642878079087 -0.31297784133406548 0.6172433873629497
                      1341848062.3988359 2.1837767363777831 -1.2515437219217249 1.6220730411784232 0.089294439263027672 -0.72107209825833685 -0.31990958332165159 0.60806199579400477
                      1341848062.5669589 2.1719690836842727 -1.2605285993781785 1.6245756118492789 0.078705949135587983 -0.72437181564454423 -0.32114187730767541 0.60494523794290245
                      1341848062.7349391 2.1608639502618763 -1.2668911100984803 1.6522840132598904 0.07148420838265776 -0.73262782356434719 -0.31528532671900228 0.59895045107835476
                       1341848062.899092 2.1436082738306923 -1.2841342095543924 1.6703940806232609 0.06772804505262181 -0.73558461213313098 -0.32134253350358782 0.59250921213749641
                      1341848063.0667491 2.1235633394128319 -1.304484715468897 1.6930240590050629 0.071143764090865161 -0.74140625556651729 -0.33075893448841992 0.57952899521413492
                      1341848063.2350061 2.1013552136294571 -1.31797603727198 1.725923841409738 0.071637149126168004 -0.74959643062684045 -0.33041355997411187 0.56903443607729909
                      1341848063.4027281 2.0780627451864508 -1.3500887006391502 1.7420669222834035 0.077343185428158642 -0.74697357723021585 -0.34640581309575541 0.56218459534319232
                       1341848063.577827 2.0505437747444661 -1.3552482515971103 1.7641627506719739 0.077225581134725094 -0.74486972080571789 -0.35221615135964762 0.56138141344954939
                      1341848063.7457831 2.0176304744635676 -1.3565108194560931 1.7838417391867361 0.065123303799604459 -0.74481919399161833 -0.3604956529563117 0.5577151672345867
                      1341848063.9137809 1.9752093688809926 -1.3728659391082347 1.7934430709076405 0.067758733461837944 -0.74574207372274326 -0.36948302567862612 0.55023613772154045
                      1341848064.0817161 1.9223914143206651 -1.3749674836326138 1.7974329731134588 0.07175082555539089 -0.75412583242839759 -0.36319936026153199 0.54243181378115191
                      1341848064.2498031 1.8586634047201307 -1.3868482549187209 1.8097740143135521 0.067776408879645339 -0.75406219928388984 -0.36354323481963513 0.54280095286154217
                       1341848064.418076 1.7948191283077264 -1.4080813626917184 1.8299674196622413 0.070242089814943384 -0.75443865365870599 -0.3624329998292336 0.54270681525004938
                      1341848064.5817721 1.7338714263046455 -1.4333177294542041 1.8429502104928073 0.077274414215430937 -0.75407181838235049 -0.36498995661406591 0.54054295777492078
                       1341848064.810771 1.6899839054844465 -1.4550745683529849 1.8686590113847132 0.074362686975186873 -0.75815400871617589 -0.36299868016250064 0.5365674683147551
                       1341848064.978833 1.6598864689382582 -1.4713367158115294 1.8925489017946422 0.062893238018943268 -0.76197817158912795 -0.36237793796098178 0.53302526836195008
                      1341848065.1467049 1.6330797657007536 -1.4939520392958756 1.9110139091198908 0.054905354644369027 -0.7633105200816438 -0.36365843884028204 0.53112615434029942
                      1341848065.3147819 1.6097157436266634 -1.503864087349259 1.9507291247094469 0.060217311429916646 -0.77055618883455557 -0.35917954681689956 0.52307464897596023
                       1341848065.483011 1.5791376831494388 -1.5285278178775146 1.983449878431236 0.067028095852784492 -0.77494289035873276 -0.36069931017395951 0.51465207537600843
                      1341848065.6829231 1.5533817960620167 -1.5490816750509853 2.0061391099880521 0.069984452605629008 -0.77962594048749034 -0.36040446151842065 0.50734031323176354
                       1341848065.850775 1.5394870127257794 -1.5673907214071858 2.0180996827144471 -0.074263273252871728 0.78209650284453103 0.37547611745361925 -0.49175981099117883
                      1341848066.0507841 1.5254208684748893 -1.5814722129679408 2.0377336451842267 -0.065881475897847597 0.79002015199323483 0.39738628526559816 -0.46218170762257149
                      1341848066.2187009 1.5055543998634295 -1.5728805284547831 2.0683105051844941 -0.058923117125724754 0.79789046899015681 0.39844105168755123 -0.44849035005557691
                       1341848066.386795 1.470687723153651 -1.5881779439691193 2.0847853508252019 -0.061109146597990473 0.80206127884693734 0.39978914954072337 -0.43946787491918682
                      1341848066.5605259 1.4318829282337253 -1.5947248351545638 2.0948944862904577 -0.064434500009488749 0.80898150975331862 0.39873917093926992 -0.42708803032212461
                      1341848066.7653289 1.3772005737669484 -1.6140728811815717 2.0969903096494922 -0.081536661955084633 0.81160880785000789 0.40352339531446535 -0.41450185187933347
                       1341848066.930239 1.3396907323065879 -1.6241164128021433 2.105478667871902 -0.09018651926476863 0.81275942956120983 0.40787229722359086 -0.40611413489288101
                       1341848067.158843 1.3030700609943229 -1.6305592855286097 2.1344540723011223 -0.099314930968987594 0.81654389467646171 0.40573877769127192 -0.39845784824848579
                      1341848067.3587401 1.2874130536552546 -1.6474468837584426 2.1384434010567874 -0.090066125115475029 0.81676388770918529 0.40277339555410552 -0.40318536267413901
                       1341848067.526716 1.2736071619684985 -1.6647410187300111 2.1445187667637704 -0.081976918523695236 0.81160513990665695 0.40420280168176087 -0.41375956402126896
                       1341848067.694912 1.2703584766090044 -1.6677422380459768 2.1660150438872252 -0.089130458364240994 0.81053484843646928 0.39749850792892072 -0.42081344685755007
                      1341848067.8628359 1.2654240242171957 -1.687689725060592 2.1857328186650413 -0.086955617993183576 0.81303708664467467 0.38685241732947129 -0.42632689739929358
