                           1341847980.79 1.7299449388217616 -2.1858646255148186 2.5776430586037189 0.057950381263540476 -0.79485226260408826 -0.49040385971496875 0.35264101905653716
                           1341847980.95 1.7354996013726476 -2.1843657339109672 2.5759083978571486 0.060514240559819313 -0.79512518922432829 -0.48929264340125606 0.35313831463586054
                      1341847981.1199999 1.7424657029044182 -2.1824106713527947 2.5734956898676282 0.062211876140990788 -0.79425014437802277 -0.48891631213644654 0.35532693445530544
                           1341847981.29 1.7520210169688262 -2.1801586616058102 2.5684872544602366 0.056598013114166353 -0.79449007275974493 -0.4869018992175127 0.35848114279013776
                           1341847981.46 1.7704495514279843 -2.1752864417862527 2.5618849373126329 0.055934991605704351 -0.79462064293905166 -0.48413139108965481 0.3620305328156645
                      1341847981.6300001 1.797096880739919 -2.166042158095844 2.5537410402361385 0.060154167839457456 -0.79382998695380835 -0.48259432293808402 0.36512757684457531
                         1341847981.7902 1.8230991790564035 -2.1533275110190351 2.5484327229912185 0.060490100314035469 -0.79127573194940282 -0.48508604824643392 0.36730803093397396
                           1341847981.99 1.8501866535903444 -2.1396303004285455 2.5406170243396016 0.059201931800731175 -0.78887687002890461 -0.48948081670309662 0.36684730513407071
                      1341847982.1900001 1.8687527347710673 -2.1340723957913252 2.5272997301086262 0.061341639551735307 -0.79293457396079448 -0.48579339771059771 0.36262479150702248
                      1341847982.4000001 1.8853613531478994 -2.1315091122837266 2.5115948463690869 0.061807364615066529 -0.79413630232559307 -0.47864292085741034 0.36936206805932487
                      1341847982.5699999 1.8987521591039973 -2.1212065660028427 2.4963894573251868 0.062681332553707364 -0.78856588285069695 -0.4782488878171981 0.38146153181520837
                         1341847982.7305 1.916733995577687 -2.104472574628959 2.478077791924894 0.06728848846083145 -0.77939686352779702 -0.48188413714638056 0.3947156784451023
                         1341847982.9001 1.949066723894656 -2.0835452955030762 2.451268583283674 0.068485254762227055 -0.77964927198869649 -0.47477477866717838 0.40254899342711103
                      1341847983.0699999 1.9879248447697617 -2.0545419272186445 2.421825739157923 0.06493895932392843 -0.77578410640293449 -0.47879924799025719 0.40582413917667598
                           1341847983.23 2.0226225147367609 -2.032214586035666 2.3939644481871141 0.059896853589524568 -0.77696574795039364 -0.47697804308855424 0.40648313600120478
                      1341847983.4000001 2.0558185311471129 -2.0102252480688962 2.3639887328450779 0.064177505301236004 -0.77078673663639496 -0.48036044029208103 0.41354915287197086
                      1341847983.5699999 2.0976497890428685 -1.9888396135568787 2.3343709932389372 0.069082828230227655 -0.76581779264935679 -0.48156122448001126 0.4205347291041393
                      1341847983.7701001 2.1638838406739329 -1.9656504407203825 2.2982578008060774 0.0699428908160072 -0.76923487983581951 -0.47135327028802876 0.42568977701731697
                      1341847983.9400001 2.22552947883498 -1.9335793582216221 2.2680223751752897 0.067216184711948318 -0.77369628497952236 -0.4619608728002072 0.42833187497935021
                      1341847984.2702999 2.3186644645763472 -1.8424080774601364 2.2152738965691183 0.073823970734559791 -0.75775959014621352 -0.47784152821963205 0.4381984696403583
                           1341847984.47 2.3418361443051694 -1.7823189945894331 2.1741061254574512 0.066585066014160435 -0.75571449068022734 -0.48228302100140136 0.43802411487676862
                      1341847984.6400001 2.3433007117667035 -1.7314241643015942 2.1272272251704067 0.068036784416370191 -0.75383134467201229 -0.48065314664815456 0.44281130560713328
                      1341847984.8099999 2.3320527622837801 -1.6794716979219713 2.0705547903409083 0.06799852978941491 -0.75608634516371476 -0.47491081946025715 0.44516216389428365
                           1341847984.98 2.311692932600613 -1.6309578887899621 2.0150482352435555 0.057019541056653883 -0.75866208056825379 -0.46960153787637654 0.44794532598262382
                      1341847985.1500001 2.2846398260989349 -1.593087471320092 1.9663371388766433 0.056724262461708794 -0.7480274636876354 -0.47321966108405455 0.46184458855843608
                      1341847985.3099999 2.2617049676656125 -1.5645807173160442 1.9197073496341841 0.063454307181004477 -0.74268313925902762 -0.46886881251489082 0.47387481702598522
                           1341847985.48 2.2373866247796927 -1.528694555244706 1.8714900128032013 0.067383567919440848 -0.73882787196690269 -0.46647042143550682 0.48166189002772991
                      1341847985.6500001 2.2109816165479779 -1.4883324652152776 1.8210406596979394 0.068662521926361728 -0.73381736083369997 -0.46270771377529063 0.49264501482773498
                      1341847985.8108001 2.1928170809789513 -1.4510301573972368 1.7677819751572024 0.071562815640849167 -0.73811999731646605 -0.4396420755965823 0.50672722281738825
                           1341847985.98 2.1738796679831318 -1.4167542107740205 1.7138722926121521 0.072931262941117458 -0.73227194623071767 -0.43086638114207693 0.52231502874301938
                         1341847986.1501 2.1496406393548906 -1.3859327074559453 1.6636368029223592 0.070403059647382735 -0.72110494409318648 -0.43224823074094104 0.53685429663734263
                         1341847986.3225 2.1188767584532391 -1.3593102101463697 1.6150458956570009 0.077511485565585153 -0.71830635119071928 -0.41884368680392337 0.55008901231436003
                           1341847986.49 2.0805258667539532 -1.3260351217810034 1.5666557354986934 0.078181820038117467 -0.70831102850822825 -0.41398023661118916 0.56639513910739669
                      1341847986.6600001 2.0378086439896341 -1.2904993146160626 1.5177323741215387 0.080670748655197064 -0.70099637371818324 -0.41143281143567123 0.57690498006128077
                      1341847986.8347001 1.9985737211673238 -1.2558347477605003 1.474070621570323 0.068891604210094715 -0.69382227468558877 -0.40577733844150515 0.59093937897791471
                           1341847987.02 1.9585780692519204 -1.2179080073034183 1.4307397989822035 0.057927326043340679 -0.68302411304211286 -0.40708552852601182 0.60365872673655718
                           1341847987.26 1.9140945165585155 -1.1689498475241329 1.3823913540144592 0.061946707711652851 -0.66586069402646453 -0.40715013961482543 0.62211004281068327
                      1341847987.4621999 1.889962850897835 -1.1225985837282537 1.3435205030208683 0.090209072146952618 -0.65075292525273565 -0.39360998750023668 0.64300399012561105
                         1341847987.6301 1.8742322555870836 -1.0725515141841666 1.3154210510472319 0.091205504972814891 -0.64354558286728125 -0.37889880570484458 0.65876121141890842
                           1341847987.79 1.8573503050267306 -1.026999172102729 1.2892456069025084 0.083509981039871867 -0.63938992590703669 -0.37093814957686161 0.66828997815604596
                      1341847987.9700999 1.843075557799406 -0.97854554265751492 1.2541524824308721 0.082086653336850363 -0.64247901378108185 -0.36241803535269151 0.67017584695804999
                         1341847988.1301 1.8299103610973078 -0.94110314637881265 1.2230016468609599 0.10138428686814673 -0.64307960056476576 -0.36076218188869041 0.66784766364239856
                      1341847988.3001001 1.8116697524289815 -0.90482095079992209 1.200474275079412 0.097046140761673491 -0.63991007043093118 -0.35750028019897057 0.67326866701340249
                           1341847988.47 1.7996376090026507 -0.87204530064083619 1.1853258665419628 0.089202997744015231 -0.63758743981580013 -0.35001161159537714 0.68045349108592401
                      1341847988.6422999 1.7988231637523995 -0.84512815915071515 1.1683495838824665 0.086901638214904584 -0.63001528004312124 -0.35296346254501115 0.68625479692020364
                      1341847988.8103001 1.8067586022885849 -0.82625548977218854 1.1435128939708195 0.081166134719813335 -0.62482796437229993 -0.34867405186064088 0.69385047313675308
                           1341847989.03 1.8286224376723657 -0.80137021529332841 1.0988278202165702 0.073590707523513418 -0.61131050711478219 -0.35008316688974039 0.70592184264102975
                            1341847989.2 1.8518497779413881 -0.78444177782763358 1.0514951816994005 0.076983500110953007 -0.61529955100295119 -0.34430627321449658 0.70493488597981735
                         1341847989.3701 1.8776547534006358 -0.76529663779128421 1.0023180848499909 0.084843571973144211 -0.61971540486475174 -0.35553536350591286 0.69451349199628465
                           1341847989.53 1.9006854336254149 -0.75501340779078374 0.9626856114330975 0.091547924122078184 -0.6163553303837519 -0.36268736513222816 0.69295235007171763
                            1341847989.7 1.923774177309985 -0.74219361441471787 0.9267683062326344 0.098305137524428987 -0.6095066158716671 -0.36335203775199348 0.69771991644673959
                      1341847989.8699999 1.9528234487770662 -0.72231849427883765 0.89048429561065179 0.1037613322047717 -0.60103600842430605 -0.36338112726234129 0.70423253181461232
                           1341847990.04 1.9925132105260115 -0.69920880088229498 0.84668446817457843 0.1039350615596477 -0.59934834029377693 -0.35805274988597779 0.70836240602164713
                           1341847990.21 2.0329793672032022 -0.67646202915427622 0.80295879448359386 0.10289760553277344 -0.60380482487876586 -0.35227924900975754 0.70762359128696806
                      1341847990.3705001 2.0681224285907902 -0.65181877013993339 0.76504672488220971 0.10161868231271314 -0.60443488683374857 -0.35196930921211528 0.70742470719932304
                           1341847990.54 2.0955117296632864 -0.62545588589565781 0.73312315175696074 0.094722318591837357 -0.60178349789472041 -0.35164707269512457 0.71079437271768797
                           1341847990.74 2.1228339726547594 -0.59811878375729588 0.6973646858419964 0.084824099307459211 -0.59765212801160295 -0.34419167604534173 0.71913065308119051
                      1341847990.9100001 2.1394662891169953 -0.57626612243479269 0.66604540675987156 0.083955315637767161 -0.59078037598778155 -0.33909449887208898 0.72728603256118241
                      1341847991.0808001 2.1461324316548467 -0.55749461667583233 0.63215671963265563 0.086748739924725773 -0.58179403928282647 -0.33538827763168577 0.73587027063450305
                           1341847991.25 2.1486243915389638 -0.53034478796881901 0.59235449686663655 0.088592814719106849 -0.57580793847227507 -0.32931596453475032 0.74306630032252285
                      1341847991.4100001 2.1505642580840068 -0.49960394543343289 0.55365672538038657 0.07551372097894174 -0.57419230229454987 -0.31812363685421319 0.75059858087012632
                      1341847991.5799999 2.1499196489688215 -0.47577327707209882 0.51790852648113139 0.07153486382287258 -0.56263280393370607 -0.31050811474295281 0.76283143739250558
                      1341847991.7809999 2.1493971173348512 -0.46586299403113962 0.48247332857368952 0.068931758823150682 -0.54558682304436468 -0.29179825768536388 0.78258367473241475
                           1341847991.95 2.1439840546639228 -0.45585815519150064 0.44692080472075535 0.076531674057707846 -0.5333854001297641 -0.28685280049321316 0.79205958654859887
                      1341847992.1099999 2.1375914131536926 -0.43618525758565041 0.40987527551261094 0.082792094741169386 -0.52145197661926579 -0.28794568721157759 0.79894967697877084
                      1341847992.3199999 2.1357579044252311 -0.40014034258277409 0.35451741836316897 0.08829538990834819 -0.50721458353723037 -0.27897566674925733 0.81062313545191533
                           1341847992.49 2.1392815751379146 -0.37017963030089474 0.30593769559460005 0.083788770310048846 -0.49659451557973017 -0.26535622153944649 0.82216750407466921
                      1341847992.6537001 2.1423270203559874 -0.33723985750946628 0.25846995252762062 0.080880918152394454 -0.4884774758245814 -0.26219425052281381 0.82831286823497519
                      1341847992.8210001 2.1439135788607806 -0.3041026926620376 0.21213917293149009 0.082756063666702129 -0.48341727326709411 -0.25864088091461612 0.83220434302706681
                           1341847992.99 2.1363620372678964 -0.2767614911194457 0.17486112419260991 0.081226673239564978 -0.47368623552521194 -0.25854171397073833 0.83796166974716657
                         1341847993.1499 2.1231308289798201 -0.24924338130862267 0.14127632465953233 0.080090347944403964 -0.46470096448007286 -0.26017298395389427 0.84258445760526657
                         1341847993.3499 2.0995052207677722 -0.22029076890783061 0.095160417731658287 0.083977853512391717 -0.45722298460106753 -0.24499631311618059 0.8508064815405566
                         1341847993.5202 2.0698244488742819 -0.19050485868071088 0.05664520863514011 0.08440350175130068 -0.44679595443544673 -0.23409902642716213 0.85932943032232489
                      1341847993.6898999 2.038694496239466 -0.15717625519678213 0.017467278128728836 0.069720935994389305 -0.43829628962663991 -0.23414371924360111 0.86499252732168774
                         1341847993.8999 2.0017222656824116 -0.12850462803350093 -0.029454059911077746 0.071492846626900003 -0.42323705083976987 -0.23854122880487483 0.87112413227845831
                      1341847994.0699999 1.9781525579813377 -0.11721934577700466 -0.0683587033778561 0.077052243062136719 -0.41321452366724376 -0.23563543129911388 0.87623778324495172
                      1341847994.2298999 1.9602252311236881 -0.1023070854225443 -0.10556966201721085 0.08372004622905567 -0.40772826528096551 -0.22103675224253333 0.88198150190831803
                      1341847994.4000001 1.9404582968268742 -0.079133703857334314 -0.15456152557983338 0.090721733587337955 -0.39867066337469392 -0.20972635011583879 0.88817010042354949
                         1341847994.5783 1.9162814162793465 -0.04541740989356513 -0.20786724730217143 0.090406004169460416 -0.3935382566016733 -0.19565671461295109 0.89368498086735992
                      1341847994.7699001 1.8849667205088145 -0.0046003061516787236 -0.26348166873153689 0.088690918509185299 -0.38006420235761335 -0.18914538509286249 0.90106001262864888
                      1341847994.9698999 1.8563557740428904 0.034286829108133965 -0.3085720718524787 0.076408709203607289 -0.36099403734201096 -0.18871752504755446 0.91007181579328078
                         1341847995.1399 1.8329956154711082 0.055136898615882224 -0.33980919068606008 0.07916853481717602 -0.34479745428749697 -0.17336902472656646 0.91912471399539808
                      1341847995.3006999 1.8109085511179788 0.069994433464401928 -0.36987636957743142 0.087723826029907373 -0.33651507475024633 -0.16161376746936368 0.92354920008458086
                      1341847995.4698999 1.7806865521290915 0.089665177872978674 -0.39909746797444856 0.088580981302243955 -0.3255136981796421 -0.15905150880625782 0.92784527783213799
                         1341847995.6299 1.7468561723562572 0.10858957620762477 -0.42170172757518376 0.074231087801247153 -0.32686819800799671 -0.14759628603130595 0.93051720192837573
                      1341847995.7999001 1.7139273918706084 0.12315955663594025 -0.4378371261152405 0.064792205035702488 -0.31725642510168484 -0.14325126716185546 0.93521623454409375
                      1341847995.9744999 1.6931132834386009 0.13314198365800434 -0.45560012251026882 0.068639993035590485 -0.30920921187491646 -0.13850354227406064 0.93834694192782708
                         1341847996.1399 1.6806993877126426 0.13709034249577767 -0.47244309301410858 0.072869616653653921 -0.29726513385019487 -0.13300482951993917 0.94267341878836652
                      1341847996.3403001 1.6667726321162695 0.14821409824848342 -0.49024779847398747 0.076769329561735308 -0.2839098206940357 -0.12522638872072653 0.94753365920166011
                           1341847996.51 1.6536959122432253 0.1608082483961395 -0.51110461461212875 0.078962453635626165 -0.27297421750094913 -0.1120737319490992 0.95220243966426998
                      1341847996.6698999 1.6344938509696518 0.18406326886028235 -0.53243686404949964 0.073189112737749279 -0.26421287737773613 -0.11033630213809822 0.95533282662898633
                         1341847996.8399 1.6119815473872134 0.20978721685799506 -0.55570991040839113 0.070309568543812359 -0.24271743083016156 -0.10640826530744422 0.96167670992732757
                           1341847997.01 1.5857371853344699 0.23762872426027881 -0.59737637085337214 0.071744760729051726 -0.242490023874366 -0.095814422238479122 0.9627413329240867
                      1341847997.2098999 1.5465026585656325 0.2730618019289055 -0.64631632300041053 0.077423901629140646 -0.24159068557665214 -0.098128772262650849 0.96229425029631621
                      1341847997.3805001 1.5129406471005287 0.29213702452399204 -0.67921840909482301 0.076710695432069764 -0.23342906220460247 -0.097686199576303423 0.96440849671544626
                      1341847997.5499001 1.4752610343888115 0.29951777357055209 -0.7084429078827692 0.084784789717279652 -0.22005032906392485 -0.091670917358499276 0.96746360914615614
                           1341847997.71 1.4275789831191696 0.30647822478864395 -0.73479085098199093 0.09383374677472632 -0.21005556448248808 -0.088251105745789371 0.96916646151773411
                         1341847997.9099 1.3581269960351254 0.31784178188944323 -0.76477919972103736 0.098015771837470511 -0.20027035839363777 -0.075824190079350623 0.97187210280921188
                         1341847998.0799 1.3001289573393757 0.32531847005397019 -0.7887451472620115 0.096648973374021743 -0.20039900091712906 -0.064672614417809915 0.97278809065568317
                         1341847998.3199 1.224515300998219 0.33664578023040059 -0.8196675827884774 0.092840775230156658 -0.20449133581214224 -0.070901695425551858 0.97187284848287214
                      1341847998.4798999 1.1726986858874744 0.35187697456712952 -0.84113800704003072 0.087112569396856257 -0.20629108004395605 -0.084510079556118237 0.97093431137270803
                         1341847998.6499 1.1153598454904279 0.37433681352986259 -0.86772132917422118 0.084966143403408481 -0.20480850625112595 -0.094374224121182237 0.97052961627343382
                         1341847998.8257 1.0613040057826095 0.40297413112214553 -0.89857907106505586 0.083246025077535563 -0.19959600304742248 -0.091484053859177142 0.97204022692776193
                      1341847998.9899001 1.0086978602660968 0.43207541162424379 -0.92454364167644298 0.075210556702359765 -0.19747149378197906 -0.089086200990019834 0.97335092854386329
                         1341847999.1499 0.96251803716422168 0.45697327807605159 -0.94612372935994049 0.067128462978461645 -0.19094355846957231 -0.086561033573180846 0.97546989415556495
                         1341847999.3499 0.91134792992383806 0.47232644434493354 -0.97066452010774951 0.076890029401258178 -0.17552269202602361 -0.064162788735424539 0.97936859481213945
                      1341847999.5199001 0.87151868303400759 0.47518532117467505 -0.98373501801185759 0.081114751079292169 -0.15448517315148802 -0.042796212979155812 0.98372923743697993
                      1341847999.6905999 0.82638932653530461 0.47288739433169225 -0.98408245755663559 0.08632420844294586 -0.13712765966786417 -0.021080255488352684 0.98655955665091966
                         1341847999.8601 0.77681040779112331 0.46621415345790096 -0.97098861654651847 0.087785319608548129 -0.1170552789157219 -0.0030475706478661213 0.9892332948563417
                      1341848000.0603001 0.72661625555756504 0.4560854687117728 -0.94449546975592513 0.070101786629745644 -0.093983522827784854 0.021834013394085611 0.99286258505762204
                           1341848000.23 0.69196754065244837 0.44595844865977163 -0.9216271506158944 0.053685730516726343 -0.071238140035074643 0.032296417514663341 0.99548978455780612
                         1341848000.4315 0.65469553137704195 0.43455707418406941 -0.89425168743006234 0.043320608979920287 -0.055355315883450038 0.042760025427356546 0.9966095996259039
                         1341848000.5899 0.62407297859406152 0.42044961498701072 -0.87314294857486585 0.043698117520233878 -0.044058154121739447 0.048385733272409144 0.99689927996576677
                      1341848000.7599001 0.58713046112102885 0.39891542041463213 -0.85309328855596123 0.049496203371862772 -0.027046294198449426 0.060955856172696089 0.99654553705295168
                      1341848000.9298999 0.54255910078726521 0.37851811287467951 -0.83580011987239233 0.056231297296535442 -0.01557762451971148 0.077913101451278471 0.99525118811328961
                         1341848001.1025 0.49540392041260306 0.35856064053923475 -0.81451941824361418 0.056812788970012545 -0.0070405707317122423 0.089703485228758428 0.99432189059229437
                         1341848001.3299 0.43610416158132104 0.34100891822080515 -0.77473543093454111 0.05916613587611709 0.019704235675563453 0.093184993290862689 0.99369395111740144
                      1341848001.4999001 0.4063246389193913 0.32492538166464557 -0.73921994301906624 0.056457341267018887 0.051194624607765027 0.099792598753455447 0.99208523638967694
                      1341848001.6700001 0.38522808825603128 0.30464538235301308 -0.70362897256266388 0.061674523167437455 0.084919609893056094 0.11378258241218304 0.98794657597832447
                      1341848001.8699999 0.35977919396730629 0.27369247031223853 -0.66270170762011782 -0.062197337203372449 -0.11115181427780699 -0.12972626043003502 -0.98333507146974097
                      1341848002.0399001 0.33778285603599478 0.24360463739306226 -0.63049404660850028 0.05628736330074937 0.12730721950753318 0.14790696124871688 0.97915684923717949
                      1341848002.1998999 0.31876542045563117 0.21692505876375101 -0.59620793822465012 -0.057755857209671191 -0.14127201399447276 -0.16042287302439145 -0.97517740992627677
                         1341848002.3699 0.29843817217630564 0.19885906949872867 -0.55689187268819529 0.048018090558718279 0.16197139875375749 0.16783529306483769 0.97123161159771054
                      1341848002.5399001 0.28283388390891084 0.18445357446378607 -0.51741950386560953 0.04280237525273789 0.17481054275223681 0.17541837629440271 0.96790372665551183
                      1341848002.7098999 0.26321558004316525 0.17562149245058301 -0.4756657437865055 0.029662483428512038 0.1836473819048618 0.17442200873993011 0.96693884970222954
                         1341848002.8999 0.2347163362637894 0.16396211060446575 -0.43446450692436644 0.028012254610828697 0.18422250256258704 0.17662273790343425 0.96647906940434603
                      1341848003.0699999 0.20459735419977054 0.14831937525362493 -0.403621326962325 0.036083873070162767 0.17395448434311134 0.16582496535125552 0.9700205525386737
                         1341848003.3099 0.16427717536573649 0.12839111877946308 -0.35936211580022293 0.035370522725993177 0.17941069641446564 0.14976490661393296 0.97166413995839451
                      1341848003.4802999 0.13307259394405535 0.11605722391306506 -0.32253537095734663 -0.040704266435440353 -0.16586266419149789 -0.12816963723861954 -0.97693668341984785
                         1341848003.6499 0.10499606602403122 0.10083759796116709 -0.28929440878955681 0.042109582245839473 0.14143668579283875 0.11178125018030174 0.98271430187168218
                         1341848003.8099 0.087725926445160973 0.083351294538441145 -0.25676347779250897 0.043034306462902405 0.12218354862818159 0.092924235706178138 0.98721037035188441
                         1341848003.9898 0.078512742201919727 0.061435080620928506 -0.21308125253300636 0.039459295332068517 0.10619714387072633 0.080732587577569084 0.99027641593073756
                      1341848004.1498001 0.07344567592728013 0.038849063058829847 -0.16888807828569741 0.040756925838734741 0.089236090472558718 0.074552405178169995 0.99237983254170348
                         1341848004.3209 0.063380613486901161 0.02036315743749495 -0.12094002502562939 0.037237331244505387 0.067295942609947618 0.058461090451782272 0.99532252972250868
                      1341848004.4899001 0.045916259845364404 0.0085660019844269186 -0.077007082088699885 0.029334575418922527 0.044916178102945757 0.033926459291615231 0.99798347430683965
                      1341848004.6598001 0.028194432028469607 0.0022688559109205197 -0.040410596326303949 0.016578179967459993 0.029984633253596821 0.021230218427776559 0.99918735157282834
                      1341848004.8297999 0.012376230345944372 0.00013134807353698541 -0.015119579032092823 0.0054379868066282569 0.013664203758400122 0.0087845609983610035 0.99985326389586093
                      1341848004.9899001 0 0 0 0 0 0 1
                         1341848005.1603 -0.011241875637057808 0.0012151453495004017 0.0098327846483341474 -0.0017092224621884987 -0.015923064500408226 -0.010400607332997689 0.99981766434815267
                      1341848005.3297999 -0.025274760900684978 0.0018024139670744788 0.019922544147384702 -0.0011041707773487425 -0.028722720479779668 -0.02263600594515075 0.99933047455283075
                      1341848005.4899001 -0.041578742464427609 0.0011898770295519778 0.027825390702222563 -0.00083664866754391809 -0.045654310248068188 -0.03051643716075652 0.99849072656574722
                      1341848005.6665001 -0.059816632221944777 -0.001027500943505899 0.034501663024203211 -0.0032468077892885139 -0.059897608548820702 -0.043063613271901446 0.99726990325652554
                         1341848005.8302 -0.079386504533318192 -0.0054223554122139195 0.036645340218984135 0.0027622692869172997 -0.076605491599345932 -0.051963351638876429 0.99570265572190952
                      1341848005.9999001 -0.099866999397768219 -0.0065179986080254881 0.036959817713726917 0.0092918447972312173 -0.092640148011968432 -0.061686464664321636 0.99374355075834431
                      1341848006.1698999 -0.1175011481282906 -0.0091487999211397053 0.037314335697376189 0.022319542473041284 -0.11062092332930805 -0.066519381343174644 0.99138288327531998
                         1341848006.3299 -0.13625384537311347 -0.01157905043202101 0.039708125265899952 0.033647913355738232 -0.13179231786971998 -0.069528015581701255 0.98826335453997394
                      1341848006.4999001 -0.16026298000379546 -0.013385980613827009 0.042065339215431319 0.032504612632596012 -0.14027097781041117 -0.075239672787971862 0.98671500170032633
                      1341848006.6698999 -0.18853387496932905 -0.015225223844028912 0.038449584496437428 0.034178757436242511 -0.14404669414804827 -0.077180849998598269 0.98596423811344558
                      1341848006.8397999 -0.22055203626974329 -0.018275918322541163 0.03024467071630399 0.038027991459589468 -0.14464506061535384 -0.069637100886175737 0.98629729416910539
                      1341848007.0099001 -0.25243489324769408 -0.020969516150034728 0.013874943728132028 0.043600879446481222 -0.13726855739783811 -0.056306738858877464 0.98797057528070542
                      1341848007.1698999 -0.28249576512410757 -0.018839466149773942 -0.005515179247915114 0.041994992388744309 -0.1207665213040974 -0.041681025417930589 0.99091602069322016
                         1341848007.3699 -0.32066370741776706 -0.012358687732588081 -0.034031449904773581 0.042582941365783757 -0.10919788874577444 -0.030539600649698406 0.99263782266759348
                      1341848007.5397999 -0.35819561308521985 -0.010767833226762447 -0.058481505915153331 0.045878829359098504 -0.10438612391411441 -0.023170047286646123 0.99320784283027119
                         1341848007.6998 -0.39309942765477424 -0.015479339940477788 -0.075078958520320427 0.037983261008814787 -0.089633350700411479 -0.0053656999922506166 0.99523582310372383
                         1341848007.8699 -0.43073136508074161 -0.021058106875760263 -0.087585542588317633 0.039379978597810589 -0.070897128970691267 0.010835814121836262 0.99664707872027913
                      1341848008.0297999 -0.46733422806881109 -0.025157870090837697 -0.097559627140642924 0.033384134737007139 -0.050922452207029609 0.031276797326980799 0.9976543315989016
                      1341848008.1998999 -0.51012035324387539 -0.027650656742277846 -0.10087376461729169 0.031319603983882789 -0.033255792158062743 0.04469407952443092 0.99795569738826406
                      1341848008.3698001 -0.55515759515169893 -0.030765820002940591 -0.10213970268670858 0.021516579399734677 -0.015497521557581773 0.061334974354612104 0.99776494454226372
                      1341848008.5701001 -0.60397624483526668 -0.040036694883413881 -0.11106776641988736 0.018550873900316504 0.001507354693476487 0.081966592776282321 0.9964612740232357
                      1341848008.7413001 -0.64107362587578165 -0.051771012792021232 -0.11911078221960825 0.018063218560158141 0.01671202776257702 0.097660740995062584 0.99491547778271416
                      1341848008.9098001 -0.67524119842873742 -0.061319287119748767 -0.12299117436486307 0.015707374446539423 0.031036928991200863 0.10336682140406217 0.99403485233648226
                      1341848009.1098001 -0.71830985584694362 -0.068094948582305248 -0.12232697564607919 0.014003809510342274 0.051634455628966458 0.11109868280760815 0.9923683081343907
                      1341848009.2697999 -0.74672278027033911 -0.071511833838413086 -0.11464578948396831 0.0054555696462154565 0.078164367581457395 0.13204072012301948 0.98814260945969778
                         1341848009.4798 -0.7863022645080664 -0.070368837853765687 -0.099621210033794982 -0.001840236967657335 0.10826807328421176 0.14989083560589608 0.98275499247604625
                      1341848009.6498001 -0.82072154127829888 -0.073721360078776055 -0.07957840630415336 0.0001860756759792179 0.11615538841116524 0.14722871640054558 0.98225841619501641
                      1341848009.8097999 -0.85208799367965571 -0.084397410955115548 -0.053845594537087926 0.0041033683934764698 0.11816360560670715 0.14092273855425475 0.98293504690606048
                      1341848009.9798999 -0.87702159643171917 -0.1009057568106968 -0.02071056819161976 0.0042639171277412298 0.11497143327685956 0.14082019462042275 0.98332754529101785
                      1341848010.1512001 -0.88835544504028108 -0.12487729172429329 0.021495703730979088 -0.0037889891255590146 0.1200677058882276 0.1469474864992231 0.98182270587703624
                      1341848010.3097999 -0.88331808449600713 -0.1558574109883144 0.065265067550140055 -0.0075512054816204363 0.12703781222530908 0.15692616817123256 0.97937661361902828
                         1341848010.4798 -0.87154374912941579 -0.19003017390846466 0.1048642758891738 -0.011910923308928716 0.13583646943094577 0.16682511592080043 0.97651214235997907
                         1341848010.6499 -0.85910576524430216 -0.21735459676996349 0.13408177872839078 -0.01881787196013697 0.14778130088843505 0.17675796655381623 0.97291479383467783
                         1341848010.8211 -0.8454631629972349 -0.23946213498932556 0.15181046051265734 -0.01862350710709551 0.16139549176416695 0.18585930879649784 0.96905158663247792
                         1341848010.9898 -0.83447685845056174 -0.25583248769222555 0.16649796080339341 -0.017630726190335254 0.17357464094389966 0.19486714841992511 0.96518795888774156
                      1341848011.1498001 -0.83116777927728558 -0.26543208160122278 0.17859373658700251 -0.02191900008036099 0.17947606145851891 0.20337839597702387 0.96226042672897449
                         1341848011.3199 -0.83051797838897112 -0.27634958761429163 0.19333740713609382 -0.023145372238930467 0.19747153291729319 0.20860411171239532 0.95757694730392207
                         1341848011.4898 -0.8277969204860598 -0.28782599407799747 0.20874253415825206 -0.022083019892939107 0.21418128766812244 0.22165089895977336 0.95105709357301871
                         1341848011.6599 -0.82310358590625166 -0.29398206044721231 0.22549083130691128 -0.025033672599095873 0.2273594725656356 0.23257965662002458 0.94529767205753168
                      1341848011.8197999 -0.80939712622443527 -0.29796105932564521 0.2444286382263039 -0.034731630880883761 0.24110907682317501 0.24287978984724304 0.93897259521968446
                         1341848011.9898 -0.78961271352326134 -0.30305017057902051 0.26226365885203906 -0.037817976759298891 0.24968181741403914 0.25348879951619729 0.93379452729521428
                      1341848012.1898999 -0.7568600118166473 -0.31114843232033618 0.29478978200999739 -0.046652684534067929 0.25115508137309372 0.2511839400644964 0.93362266488122225
                      1341848012.3598001 -0.72806922573162014 -0.32008179023585326 0.33018746206052496 -0.058292123087964672 0.24544744459909359 0.23765176412591826 0.93801877344406681
                      1341848012.5297999 -0.69901696547835512 -0.33329864946117849 0.36683143573143617 -0.069701856002454265 0.23967236166881151 0.22465373634235353 0.94192861145063855
                         1341848012.6998 -0.68135588217783183 -0.3463409494683839 0.39925988847241722 -0.074157521582485703 0.22980640272068018 0.205136890486567 0.94847695566251167
                      1341848012.8598001 -0.67349178092248851 -0.35458820561774174 0.42611279664737234 -0.076977807147074334 0.21184090741173556 0.1771709296308924 0.958023125424186
                         1341848013.0307 -0.66781866392090183 -0.35840656348496047 0.44660610986618021 -0.07558924724309983 0.19375169098218212 0.1455524018943789 0.96724404689072341
                         1341848013.1998 -0.66861923243830645 -0.35822622509119029 0.46247861969017112 -0.073455182822090709 0.1636943449537841 0.12847625454992942 0.9753472968966217
                      1341848013.3698001 -0.67858483124759439 -0.35356865222644929 0.4766056807922523 -0.072344237844553752 0.13690266438960691 0.10758797146258239 0.98206354179873923
                      1341848013.5297999 -0.69645380311309046 -0.3498588318758451 0.48725589569319938 -0.080218003877735158 0.10829218275997567 0.081625597276032372 0.98750956292902936
                         1341848013.6998 -0.71841784308530054 -0.35038033455394979 0.49566416442438799 -0.07193814923321587 0.079073983397781697 0.053662625672975833 0.99282049255662985
                      1341848013.8698001 -0.73720243550006748 -0.3529654772249754 0.5043765765577487 -0.062265121894963915 0.053855663878968202 0.030996408712951951 0.99612340837391267
                      1341848014.0697999 -0.76019597279839268 -0.35560492141977607 0.52075004829874061 -0.060080550569070683 0.022541709723362682 0.0041663725125674067 0.99793027817886737
                         1341848014.2298 -0.78619011890223778 -0.35878676172528656 0.54107221010801076 -0.062232278724459134 -0.0021313263972893431 -0.027924989948235002 0.99766868040895251
                      1341848014.4400001 -0.83392565158201903 -0.36090300539340781 0.56512486968059639 -0.055930327967548175 -0.045611087235683238 -0.065854241009422401 0.99521587913160547
                      1341848014.6098001 -0.87570767213909728 -0.3631668314756239 0.57588302238621258 -0.040612829281976945 -0.08340591290512335 -0.10152244875964661 0.99049848267830332
                      1341848014.7699001 -0.91310383978237519 -0.37161453048626392 0.58422166898032502 -0.024882473111772378 -0.11313212814596282 -0.11356325339781775 0.98675497039067939
                         1341848014.9398 -0.95068920208712626 -0.37899516300827463 0.59747107666503352 -0.020270789000475971 -0.14411892799295384 -0.12069471936725801 0.98196314310890442
                      1341848015.1098001 -0.97484325670245164 -0.37620643087716399 0.61749942204703645 -0.036694372593757608 -0.16259857468101296 -0.14881757832502646 0.97471460177486224
                      1341848015.2697999 -0.98856534301325372 -0.3766649421980045 0.63782684477220131 -0.049327066229670362 -0.18678236664355213 -0.1724605209589965 0.96588640986337471
                         1341848015.4398 -1.001822769686834 -0.38108618921206872 0.65425801067226064 -0.053260183280536583 -0.2311541774359645 -0.18911531063282666 0.95287276087370443
                         1341848015.6201 -1.0113483711251989 -0.38447538362355449 0.66350388967204088 -0.056058519002112089 -0.2796134534477166 -0.22404516557372664 0.93192141454168376
                      1341848015.7897999 -1.0197290617304922 -0.38729481136272459 0.66665267550183982 -0.043768319047744482 -0.32168060702649665 -0.2460372309644783 0.91327520621668656
                         1341848015.9498 -1.0219926673710205 -0.39053781869484172 0.66301825767390588 -0.026554097107801308 -0.35043344471663401 -0.26801876216262627 0.89702688024363963
                      1341848016.1198001 -1.0224304569212255 -0.39095445032481368 0.65868527274494104 -0.013262433513901746 -0.37622855913597858 -0.27759843406502865 0.88386384050508537
                      1341848016.2897999 -1.0215680207899875 -0.39046592445205441 0.65406926295387868 -0.012798292341546849 -0.37723779658210166 -0.2860514674106055 0.88073969283509679
                         1341848016.4498 -1.022460881401968 -0.38681266454155283 0.64232420050390027 -0.015826254414551887 -0.36998469314513488 -0.26485327310203194 0.89034465250073058
                         1341848016.6199 -1.0274286597392974 -0.37890395759886397 0.62462042879034108 -0.010275425673380925 -0.36838516912583119 -0.24877368786648504 0.89571113369248256
                      1341848016.8498001 -1.0383850310482476 -0.36048137452329998 0.58783773774462855 -0.0086891524803652531 -0.36958698438142451 -0.24152969450074688 0.89721422541073981
                      1341848017.0197999 -1.0437142892335498 -0.3407973353446524 0.55454708426939781 -0.0086002507634274084 -0.36522543844066285 -0.23910894753187012 0.8996462226969183
                         1341848017.1898 -1.0419869792371115 -0.32654680466447794 0.51909036733861602 -0.0065671850557074279 -0.3494523191005246 -0.224579897787476 0.9096174021342579
                      1341848017.3498001 -1.0337636523543428 -0.31614202607402042 0.48054302660721548 0.0098021764608811762 -0.3367862893157792 -0.20134878931172492 0.91974864920163968
                      1341848017.5197999 -1.0218964414544689 -0.30485757374270062 0.44321153265050239 0.016849398073035867 -0.32143341787952329 -0.18028483845478491 0.92945899999849169
                      1341848017.6898999 -1.0116450183920398 -0.29655038256310373 0.41483409619297973 0.027377462945334885 -0.30881850642186803 -0.16505498602521429 0.93628972877109995
                      1341848017.8498001 -1.007676239589512 -0.29068182605217774 0.39067465002187185 0.036933328410419387 -0.30077056812298625 -0.1519879481636654 0.94078300272512538
                      1341848018.0197999 -1.00659872766352 -0.28053959561771746 0.36902045574308007 0.03519162052884061 -0.2903879292401525 -0.14752015577678451 0.94481437543877567
                         1341848018.1898 -1.012848654191957 -0.27202476767736838 0.35206415533481339 0.034636238434539147 -0.27430432969708091 -0.13613418373329159 0.95132799271114243
                      1341848018.3743999 -1.032537488974266 -0.26102234608265018 0.32912975968184144 0.035790840688736419 -0.25403895182309333 -0.12500933558482255 0.95841321604830698
                      1341848018.5297999 -1.0574983676263625 -0.24339866116063136 0.30371656888090737 0.031041044955962688 -0.23999894905125696 -0.10287202386180161 0.96480791077235217
                         1341848018.6998 -1.0880298865939053 -0.22193922779892405 0.27017287991667738 0.029171718922806997 -0.21992913702282224 -0.08918959888535391 0.97099196750238626
                         1341848018.8699 -1.1208940000046799 -0.20638072222381476 0.23014860036047491 0.03556709147542203 -0.20698890481413984 -0.086117678680506293 0.97389646303213517
                      1341848019.0697999 -1.1528495929020441 -0.19580222379597134 0.18685107787257693 0.037243750959491485 -0.19833999952316178 -0.075584028068586689 0.97650458386253713
                         1341848019.2598 -1.18161046665037 -0.18046106332145828 0.15000109908658454 0.038707684687367218 -0.17393699587128272 -0.065399578606946521 0.98182000984470197
                      1341848019.4300001 -1.2129532588665504 -0.15575323360773208 0.10686628105137208 0.035779434172843461 -0.14896633189088254 -0.056283380548438705 0.98659061678453353
                      1341848019.5998001 -1.2527893456764094 -0.12824055848867366 0.0602534191410522 0.041802031140342213 -0.13081569580840255 -0.040098857435205221 0.98971305212930105
                           1341848019.77 -1.2951238341750373 -0.10269018384919981 0.022103852441782479 0.042547972391394628 -0.11441088509129003 -0.033008055308139946 0.9919729269001164
                         1341848019.9698 -1.3322575079437786 -0.086982362033104055 -0.010381291951162774 0.042472367557381825 -0.094403442776120783 -0.0078259135403848101 0.99459682437827279
                      1341848020.1296999 -1.3611290810375893 -0.077046242432778467 -0.028562760384069463 0.043556518262613933 -0.070820913740050895 0.0064106283135404452 0.9965170002255298
                      1341848020.2997999 -1.39618508357779 -0.072164250894343418 -0.044892574973343091 0.04704688660684176 -0.045126644703744417 0.017399194806288765 0.99772112557491621
                      1341848020.4997001 -1.4456809156247672 -0.070379689480126295 -0.057083881324031749 0.061406005877890725 -0.010826737856158508 0.038909040716714666 0.99729542801520121
                      1341848020.6698999 -1.4907583976381584 -0.067014953422479095 -0.066536350133540978 0.058170966218354839 0.0084159147648399657 0.065231029605479662 0.99613765306031032
                      1341848020.8397999 -1.5336944451698551 -0.069106348511016602 -0.074272750390736775 0.049189480201142277 0.024299344647721266 0.077231073899765468 0.99550253546212619
                      1341848021.0097001 -1.5754189505474936 -0.076701912662525906 -0.081715401545515931 0.050394944918770987 0.036870140009521185 0.085735728581829429 0.9943592545689186
                         1341848021.1798 -1.6193761527835728 -0.082380918076652598 -0.081484600586384515 0.047503093211492646 0.054297395317181939 0.097493913100794985 0.99261784484533855
                         1341848021.3399 -1.6673075306897145 -0.089265358850513898 -0.080470950128953112 0.056479988557436314 0.079464857902052349 0.11061572305342993 0.98907002232628893
                         1341848021.5098 -1.721953471042625 -0.10305361443591687 -0.084614042073112516 -0.072620949475070001 -0.10728643003092417 -0.13397131010018998 -0.98248028361825046
                         1341848021.7398 -1.7961542389127039 -0.1168954948627503 -0.076582330316588232 -0.072131788136331823 -0.13602398392647419 -0.14057423596640983 -0.9780252374655195
                      1341848021.9121001 -1.8425603524167142 -0.13240676282363495 -0.061207571921785719 -0.068820418421450466 -0.1571071369407453 -0.14720965212504539 -0.97412032924675263
                      1341848022.0804999 -1.887585506396011 -0.15761717252267005 -0.038850006044717444 -0.074205457680760242 -0.17696543106109436 -0.15174553996220322 -0.96961336488382288
                      1341848022.2497001 -1.9243962651887143 -0.18983165907298893 -0.0075858909380221995 -0.080584195983758045 -0.20238945544294812 -0.16034390810302845 -0.96272245575628179
                         1341848022.4198 -1.9538327934139241 -0.22842231551808023 0.017483453712034969 -0.08899743246316219 -0.2230314657610476 -0.18502071381255805 -0.95294478211265488
                      1341848022.5808001 -1.9773913503266316 -0.26829480176117393 0.03609552605729105 -0.095957305992352679 -0.24187218282330625 -0.19650780771297022 -0.94534370686582647
                      1341848022.7797999 -2.0012998069270322 -0.31333751740893589 0.06691564075632539 -0.094245162746695241 -0.26882641833934406 -0.21694161896123462 -0.93369510016073642
                      1341848022.9498999 -2.0200114975341457 -0.34523278156847836 0.10726666005964214 -0.066590283702536932 -0.30517263445334397 -0.22951989616413615 -0.92182211655070723
                      1341848023.1198001 -2.0403041864101601 -0.38166293901371295 0.15182067678873956 -0.05707131186377741 -0.34395528293594868 -0.25173504084630172 -0.90281066559534495
                         1341848023.3197 -2.0684426059608931 -0.41244766247434939 0.20757083505433616 -0.035812327122739268 -0.37702450108545432 -0.27350512765591184 -0.88417472704960398
                         1341848023.4898 -2.0847595522341464 -0.43085164728194059 0.25179232991280642 0.016461746494975962 0.39337213962529483 0.29017349855874319 0.87223088193616027
                         1341848023.6898 -2.089336503994343 -0.46164003091735384 0.29656081152323677 0.018950728840995214 0.41966750576723794 0.29910173400065077 0.85677196919443177
                      1341848023.8598001 -2.0801655125793217 -0.491215023629195 0.33561862409076504 0.0183607231731008 0.43825114699080925 0.3088382946043367 0.84392992824741431
                      1341848024.0197999 -2.0615294503203141 -0.52298582675902439 0.37163491557064932 0.021911958197191859 0.45454219355861503 0.32529456795203682 0.82891175912987547
                         1341848024.2198 -2.0383824982347325 -0.55851987653617607 0.41347699864000331 0.02323958253643095 0.46733892867929866 0.34715661356084737 0.81273398674189978
                      1341848024.3896999 -2.0188228980068312 -0.58093920058019721 0.44742763852106959 0.015347565934633309 0.48162041816659307 0.35648450958280864 0.80045300889710114
                          1341848024.563 -2.0060080767481696 -0.59951468992880552 0.48409726561991429 0.0052932155691893037 0.49421315346815087 0.36538515603747707 0.78880861338823671
                         1341848024.7298 -2.0002812957009874 -0.61710296693720679 0.52577539526500938 -0.0036616015450662009 0.50699221537026051 0.3761510001588102 0.77553588653756544
                      1341848024.8898001 -2.0062172138787346 -0.63953648325931356 0.56565210802838606 -0.0040889484842073142 0.51846091845518261 0.38725238038135656 0.76237599019373303
                         1341848025.0597 -2.0212969363233189 -0.66519919509765346 0.61075118997133304 -0.0017449155588464133 0.52660362003096606 0.40031212031042995 0.74995719142664563
                      1341848025.2599001 -2.0384275399096827 -0.69388740852102981 0.66116724724817344 -0.0036626431694582818 0.5403197740914063 0.41391568888815577 0.73260830548327016
                      1341848025.4302001 -2.045347781038803 -0.71882188277032411 0.69735664150431009 -0.0060939311112458774 0.54716001922200219 0.41870785783510184 0.72474996181837081
                         1341848025.5997 -2.0473572579314743 -0.74091798447668689 0.72879124492156244 -0.010434071182904368 0.55593700794792633 0.42140054528404403 0.71641241878318096
                      1341848025.7697001 -2.0469215387064192 -0.75757230887139126 0.75883011353728858 -0.013842364011018302 0.56532639590332012 0.42459942520655553 0.70705712864507053
                      1341848025.9396999 -2.0435242579932114 -0.77522905073700699 0.78990547275398448 -0.01296011951262363 0.57004433670262222 0.43755445493816625 0.69528957166007488
                      1341848026.0998001 -2.039469172786097 -0.79197916063686513 0.82446440940292798 -0.010745686619601409 0.57739654514485084 0.44856938285466846 0.68211675587046361
                         1341848026.2702 -2.0373930875813628 -0.81057459508644225 0.86127242059416453 -0.0082415495300333791 0.58034488609376933 0.46853180277996798 0.66604041906622091
                      1341848026.4296999 -2.0358462816049463 -0.82575062239788455 0.89298165562614962 -0.0074324301217435843 0.58622428502090773 0.47846400277362922 0.65372627657456739
                         1341848026.5997 -2.0334889717759004 -0.84537207895414657 0.92465564389697841 -0.0043364915915658983 0.59619272398547452 0.47836167245925759 0.64475230982869547
                         1341848026.8097 -2.0356422953234246 -0.87390059572613232 0.96994280464359872 -0.0070663375401962825 0.60053181216388918 0.48018337655595605 0.63932427947970527
                         1341848027.0098 -2.0520344454526418 -0.90649785383039783 1.0247819893405388 -0.014117160251648865 0.60189747002080107 0.47868160634182355 0.63904934169358141
                      1341848027.1705999 -2.0745903671306252 -0.93588181293879091 1.0665631255669856 -0.0090147485497990773 0.60756327812485855 0.47972885146607636 0.63296589675416082
                      1341848027.3397999 -2.1026394570881974 -0.96652432146424161 1.1064308471449704 -0.0027608735270056445 0.61441689503317465 0.47990278256538321 0.62624082904355838
                      1341848027.5097001 -2.1295971281843435 -0.99956951203422717 1.1461723789381133 0.0080580739649810523 0.61608237859088122 0.4731540056357455 0.62968472840352896
                      1341848027.6796999 -2.1452401020420266 -1.0284736387051816 1.1817092447295316 0.013350696822809913 0.61369123352953436 0.46558924580356803 0.63751979026176797
                         1341848027.8397 -2.1475506696016762 -1.0513437819418807 1.2156096551383326 0.011909805777188448 0.61163228769151068 0.46061977505878149 0.64311237276575273
                         1341848028.0098 -2.1428829331223889 -1.0760901574464348 1.2516833177683948 0.0090895212370884354 0.60894165287726887 0.45171485147862106 0.65196712873305795
                         1341848028.1898 -2.1306284128948447 -1.1050438546244807 1.2844224404462359 0.016540846089018624 0.60882988527196624 0.44830721048689126 0.65427304409997356
                         1341848028.4498 -2.1025991586173598 -1.1453557678771789 1.3349682667284821 0.022316677612337656 0.61569257169050251 0.45179778774803098 0.64521576395146119
                         1341848028.6097 -2.0887448814824441 -1.1755991014160356 1.3733702169592503 0.024430870295576751 0.61580872816620769 0.45540035727057737 0.64248988901674475
                      1341848028.8519001 -2.0683221921158528 -1.2192923792265 1.4309086496213708 0.027930312921186497 0.61482854093730899 0.45615996136957432 0.64274711396655293
                      1341848029.0197001 -2.0555392428122214 -1.2475434555911475 1.4677571623639447 0.024016938550248973 0.61210598284415518 0.45976210611149737 0.64293721171898632
                      1341848029.2197001 -2.0422202873349584 -1.2732978327993818 1.507032440588429 0.016035016151182108 0.61511062863743082 0.46063835040774337 0.63968281431341367
                      1341848029.3907001 -2.0380656544186864 -1.2971100149055028 1.5417226266455257 0.011891227250617004 0.62173964050596586 0.46083632676877029 0.63318899079836655
                           1341848029.55 -2.0417418593578196 -1.322965665826153 1.5774674281237122 0.011745487229922802 0.63102577793530212 0.46255769601415497 0.6226627409512755
                      1341848029.7198999 -2.051420703051511 -1.3539923711948756 1.6183870265908959 0.014281539767590017 0.63865275179289316 0.47221440261491204 0.6073979405729607
                      1341848029.8896999 -2.0630062099514985 -1.3809488601283235 1.658193982443501 0.014923921973940686 0.64696928373709883 0.47875221026310344 0.59329953954289771
                      1341848030.0597999 -2.0733224500017893 -1.4025094897560697 1.6977692833429252 0.013314938248455199 0.65363831844392606 0.4854766813373198 0.58042402858508446
                      1341848030.2197001 -2.0762567095111293 -1.4209776506955003 1.7289969498046882 0.0088146106457304557 0.66070284865424844 0.49065289331744344 0.56802622008015369
                      1341848030.3898001 -2.0727975075145983 -1.4382246743277349 1.7608898031950067 0.00098701606879474102 0.66852534412142162 0.49727962116344276 0.55297908499522619
                         1341848030.5697 -2.0635868113529652 -1.4542092831597335 1.7964605124472275 -0.0035300078090408906 0.67624535181718293 0.50274921737303946 0.53844497176714246
                      1341848030.7597001 -2.0493986925471623 -1.4784893699952715 1.8354692892546487 0.0023190394015828869 0.6857095524491742 0.51043548509164383 0.51889560346515329
                         1341848030.9298 -2.0377190258479709 -1.5088699344824645 1.8720986038433118 0.012585908124576814 0.69290239691948097 0.52198259177474893 0.49725449937032618
                         1341848031.0997 -2.0245473558326945 -1.5427517238623576 1.909684657871705 0.023293496070504478 0.69996516284017718 0.52737169996034738 0.48102523211560438
                         1341848031.2598 -2.0105378794359998 -1.5712022510046979 1.9448521439407063 0.031298594611442992 0.70021449292558435 0.53095662998806981 0.47624061034736148
                      1341848031.4328001 -1.999521834924562 -1.5987000449778961 1.972600622996856 0.029527091898430308 0.70217295767411803 0.53436127119585197 0.46961614133370266
                      1341848031.6296999 -1.9949072253219997 -1.6250512236197592 1.9996232202517565 0.025150281262394075 0.71191409289243612 0.53384301474318507 0.45558470486120362
                      1341848031.7997999 -1.9965120331390898 -1.6478876409041581 2.0253553526446035 0.024650797831763872 0.72242035932047532 0.53208281507259014 0.44089572521171144
                         1341848031.9698 -1.9995302952867866 -1.6739540866918245 2.0534494890009047 -0.029394718372856773 -0.73078433843357804 -0.53627347982436824 -0.42130862330249186
                      1341848032.1396999 -2.001142479986787 -1.700900278684963 2.0892175417513972 -0.027759323965768329 -0.73836290948269334 -0.5351987241191698 -0.40940439608586082
                         1341848032.2997 -2.0019870086857336 -1.7225778925561865 2.1233144305849372 -0.026392158181047759 -0.7409805728317419 -0.53610249492673889 -0.40354102592650504
                      1341848032.4697001 -2.0031955437184648 -1.7444258105765815 2.153781099606161 -0.025904554558322732 -0.74671041394058868 -0.53502899953278227 -0.39433042163236631
                      1341848032.6396999 -1.999830617703704 -1.7714335885967252 2.1835271447101703 -0.031728175263904049 -0.75187307103231116 -0.53030592496536966 -0.39045593080076013
                         1341848032.7997 -1.9889876788783822 -1.79925646814642 2.2131152850909634 -0.031848450474337681 -0.75485806769422337 -0.5269496286273172 -0.38922880511192837
                      1341848032.9697001 -1.9700121845560061 -1.8214778158757734 2.2449803493512572 -0.032278780966264048 -0.7554551463745266 -0.52820356093293974 -0.38632447545209558
                         1341848033.1399 -1.9447400840628677 -1.839508342939717 2.2701335008528307 -0.034872930265545568 -0.76255364052410002 -0.52615909249639137 -0.3747698406242288
                         1341848033.3097 -1.9210590554713853 -1.8566912456055307 2.2947866292714827 -0.036651242141358509 -0.76534607809190203 -0.53239029411726291 -0.35980917432518911
                         1341848033.4698 -1.8987728077040558 -1.8722097420322679 2.318319785224447 -0.035217881543016354 -0.7675303733910307 -0.53526849861588288 -0.3509194510587092
                         1341848033.6403 -1.8773402862894075 -1.8885535684360688 2.338930616461762 -0.038994651736874109 -0.76968547107978003 -0.53824066965477713 -0.34111680444415871
                      1341848033.8097999 -1.8592598949781132 -1.907450244421566 2.357600782147411 -0.040465092275717374 -0.77198585703250711 -0.54079478584455387 -0.33157414322025547
                      1341848033.9797001 -1.8486420506048731 -1.9252472123734052 2.3755021595409764 -0.039005522777299163 -0.78047404736891091 -0.53907353639519062 -0.31422691312941925
                      1341848034.1396999 -1.8452861504218832 -1.9432147325628106 2.388363191855885 -0.042422052878718183 -0.7935984207257899 -0.53557251298174924 -0.28559411651765809
                         1341848034.3197 -1.8439402952589878 -1.9673044974136107 2.4107813073724413 -0.045025092978459719 -0.80276279025667541 -0.53397994716643804 -0.26155316783729876
                         1341848034.4909 -1.8358990914405027 -1.993261965345261 2.4428271947798281 -0.048635273811722182 -0.80574089996966336 -0.53513589840930931 -0.24908990844873127
                         1341848034.7196 -1.816387445957278 -2.0246690669650471 2.5024727282117749 -0.044866501829387534 -0.80398062585473795 -0.5395481973830033 -0.24594693119567318
                      1341848034.8796999 -1.8037884665215365 -2.0397738301342261 2.5404528789063248 -0.043191565707498374 -0.80210047619966918 -0.54402666058759663 -0.24249599440383943
                      1341848035.0495999 -1.7898040435188447 -2.049129533324431 2.567250952178457 -0.038972201089325094 -0.80118207018850462 -0.5491606851734161 -0.23454423849367792
                      1341848035.3218999 -1.7562818159986477 -2.0668501762407554 2.6057157292701847 -0.037197488991331087 -0.80280934675965576 -0.55041099823168615 -0.22618848908305111
                      1341848035.5518999 -1.7161189880577385 -2.0898138912361683 2.6336813339551979 -0.051074747016072675 -0.80537684270987264 -0.55067971466843968 -0.21333392439227067
                      1341848035.7197001 -1.6834737592235438 -2.1028281569248186 2.6541961559858227 -0.057823871987003277 -0.80618900489418832 -0.55586980708526923 -0.19422781929253827
                      1341848035.8896999 -1.6510270927626007 -2.116623438729536 2.6716189581571381 -0.061565916824901902 -0.8085056979802111 -0.55717837369508694 -0.17911011726180945
                         1341848036.0597 -1.6188655972493606 -2.1308683525304692 2.689826940943703 -0.072790507754017339 -0.80607713675479897 -0.56191704034242174 -0.1708520744823149
                      1341848036.2197001 -1.5886344330772211 -2.1412101952990641 2.7041943694173991 -0.06800564727186767 -0.80579678452089176 -0.56514204111528421 -0.16334395415495639
                      1341848036.4597001 -1.5412193942567365 -2.1573584026519241 2.7301764688887857 -0.05842788950023358 -0.81034165921751444 -0.56307410065989705 -0.15126180691503857
                         1341848036.6308 -1.5029716299371518 -2.1740535246201178 2.7525031665178705 -0.060200158372156518 -0.81498402510931078 -0.5588244620075693 -0.14103971217548736
                         1341848036.7897 -1.4625653766736795 -2.1982460315226451 2.7764912324461459 -0.06607324093254896 -0.82307949938841607 -0.54959947788687635 -0.12694439107600128
                      1341848036.9997001 -1.4078447532004454 -2.2322613559677675 2.8126362330630181 -0.067401081981086589 -0.82874205422268798 -0.54511823052478348 -0.10719056143181288
                      1341848037.1598001 -1.3654086172668845 -2.2580278842695742 2.8415163367037692 -0.066952273478188468 -0.83853148552114609 -0.53069138781810155 -0.10367734449482756
                         1341848037.3297 -1.3177733689697995 -2.2851581286167439 2.8666004544147423 -0.072661191186713672 -0.8476915705174406 -0.5133113370944834 -0.11247588087797609
                         1341848037.5297 -1.26125295190691 -2.3059942735238854 2.889740841629429 -0.065461893488483539 -0.8520345278533259 -0.50662312217889705 -0.11438931733500718
                      1341848037.6997001 -1.2131707452565368 -2.3139878627617803 2.9052245083374997 -0.055268093454585318 -0.85313997289301591 -0.50715968315620685 -0.10902605321158432
                         1341848037.9298 -1.1463414859272885 -2.3130175805635811 2.9194684070299193 -0.056818948037981654 -0.85110814406446966 -0.51510129953360628 -0.084007056071385991
                         1341848038.0999 -1.0981058360509897 -2.3104803805937957 2.9326962071994274 -0.054528841426950081 -0.84673249386231264 -0.52514044625130751 -0.065560666571663567
                      1341848038.2697001 -1.0529120310271889 -2.3106181245161355 2.9429690361224896 -0.04989698199506104 -0.84466196958679762 -0.53055394195640082 -0.050684938552399604
                         1341848038.4398 -1.0076177994973397 -2.317373980693183 2.9496031146142987 -0.044777863151830327 -0.84558014480255939 -0.53038726783976897 -0.040969596052488289
                      1341848038.6396999 -0.95328649375982222 -2.3294203811865684 2.9608709206123338 -0.039936160972874182 -0.85247614825573581 -0.51989211661864676 -0.037439374722301431
                         1341848038.7997 -0.90778671852330772 -2.3419146409410971 2.9798823363043079 -0.036816240410275106 -0.85326179618520737 -0.51903313057665346 -0.034546794013990398
                         1341848038.9696 -0.86303745632579321 -2.3581162333606036 3.0077567320080769 -0.042177111940411405 -0.85399597401196714 -0.51822921249196563 -0.0187203343900397
                      1341848039.1396999 -0.82221872415808428 -2.3745439059160813 3.0358953652128156 -0.042880339450288893 -0.85443819426762246 -0.51776950831297852 -0.0033741556942864376
                         1341848039.3097 -0.78611230944016475 -2.3915715193323255 3.0628322766460983 -0.043455516514109727 -0.85522949525481784 -0.51638707026173003 0.0062066252656815812
                      1341848039.4797001 -0.7520824291459649 -2.4003737466681314 3.0827214204459517 -0.039631085914124994 -0.85356033594141878 -0.51930337132677851 0.013716357587989988
                      1341848039.6396999 -0.71462575879700374 -2.4056980561149346 3.0940023590276446 -0.032498649901772578 -0.85464004199754873 -0.51778353503556895 0.020843397397256727
                      1341848039.8096001 -0.6713832856478974 -2.4062974711143017 3.1031620106371429 -0.024158996175479078 -0.85469862882015701 -0.5179055368963269 0.026085468154975422
                      1341848040.0097001 -0.61583887107561108 -2.4020969615981356 3.1081523743139297 -0.027602638062234772 -0.8550638913118348 -0.51615786434621957 0.041047475199064626
                         1341848040.1798 -0.56595295340883944 -2.3950713633036247 3.11271813680756 -0.029248172188619935 -0.84964998701005356 -0.52328859477995771 0.058382279594562894
                      1341848040.3496001 -0.519047359236535 -2.3955402815256304 3.1124828687813988 -0.034531094005412044 -0.84476248949263144 -0.52838340845033416 0.077426827181593993
                      1341848040.5197001 -0.47601108722333962 -2.4024468632457374 3.1077671058367891 -0.040000864726036672 -0.84688582346294661 -0.52243785299579437 0.090791093152363139
                         1341848040.7196 -0.42755704944322726 -2.4103465697654665 3.100667749548677 -0.03278371726886456 -0.84832796102098029 -0.51614876007230903 0.11338146192318733
                      1341848040.8796999 -0.39107329446328554 -2.4085143473328312 3.0948575358244739 -0.020043402407786293 -0.8504025708273224 -0.50659484862689497 0.14062499384851221
                      1341848041.0596001 -0.35338426318816807 -2.3992803535490608 3.0930996165019402 -0.027246101659098534 -0.84602563201882064 -0.50461623899829011 0.169884464418492
                      1341848041.2797999 -0.30829000431559783 -2.3827301225508672 3.0966797939612389 -0.038188559655091756 -0.83173110199923483 -0.51614341611135528 0.20090042778328876
                      1341848041.4504001 -0.27379716363468498 -2.3677644433733391 3.0900894685886597 -0.037873500454862929 -0.82559011289390138 -0.51784125844766604 0.22092305109351654
                         1341848041.6197 -0.23870268034661324 -2.345501861570916 3.0729951802374686 -0.02885304086346796 -0.81693892823764658 -0.52343658713499042 0.24040055909113442
                         1341848041.7897 -0.19736500029328696 -2.3226444077446051 3.0469830097708028 -0.030421140345614703 -0.81816833405178668 -0.51433075852709509 0.255223435851686
                      1341848041.9997001 -0.14828621834070632 -2.2974803064772629 3.0036686799311529 -0.044037012074421428 -0.81644551405754728 -0.50740165700472473 0.27206804775960824
                      1341848042.1598001 -0.11815423985265938 -2.2794362834066626 2.9673151779839744 -0.047276085927160927 -0.81426736570173419 -0.50286112300806485 0.28611941531401525
                         1341848042.3197 -0.089368284775638518 -2.2553073010644562 2.9380201101152488 -0.039430500962554654 -0.80740675095812464 -0.5051967052001648 0.30218514714655431
                      1341848042.5197999 -0.04934107148267608 -2.2215603645381474 2.9094385343873617 -0.045325468539977057 -0.79661387282221319 -0.50512849944754878 0.32893333454469775
                      1341848042.6997001 -0.010049474537580982 -2.1947488834312332 2.8875201655986538 -0.046167322004378564 -0.79037755573582036 -0.49594263743063954 0.35666903166150482
                      1341848042.8596001 0.021979867043819157 -2.1746650879691845 2.8721659336836227 -0.051067083897797252 -0.78006311375225268 -0.49066229287795782 0.38489505823413855
                         1341848043.0297 0.054196218680890196 -2.156705654945462 2.8549753707881549 -0.050951440800965545 -0.77325619347602992 -0.48427057774303517 0.4061536869999991
                         1341848043.1996 0.08288066668241223 -2.1337127266486471 2.8312971594708802 -0.046821164295081069 -0.76525074490302936 -0.48526694310354967 0.42037491591476789
                         1341848043.3745 0.10937818640643981 -2.1104986607026524 2.7992333388824067 -0.04243464745958539 -0.7615248119944793 -0.47851820262991202 0.4350857285220836
                      1341848043.5395999 0.13108906673745802 -2.082382043534003 2.7596926824103165 -0.045862868518661074 -0.7583804548828923 -0.472696456255362 0.446445677755402
                      1341848043.6997001 0.1464303823047155 -2.0481387849376405 2.7187871414975207 -0.048915634409980251 -0.75286841494574774 -0.47233265772922833 0.45573925761315581
                         1341848043.8697 0.15512805494958903 -2.0145092823497714 2.6745823109214952 -0.050743091367279239 -0.74762513526193008 -0.47028495595437536 0.46616934262783083
                      1341848044.0395999 0.16430957263019241 -1.9855673272604304 2.633791099016388 -0.048854386607806818 -0.74582002037367123 -0.46963924508701621 0.46989863331689863
                      1341848044.2097001 0.17394474203896726 -1.9600859650185569 2.5981494984804607 -0.050466723294348148 -0.73816900359416682 -0.47306253438978418 0.47830060686710518
                          1341848044.372 0.18183591158005585 -1.9355855504999475 2.5689543082654587 -0.053337612167601259 -0.73352351261927562 -0.46968710578162687 0.4883568144558002
                      1341848044.5395999 0.18294254323182746 -1.910711855543398 2.542361176340171 -0.05875442486740215 -0.72279847354286031 -0.46056374313867265 0.51185087936693707
                      1341848044.7695999 0.18957469373782665 -1.8747590132653595 2.5040475010818994 -0.065470524460760363 -0.71032612981450982 -0.44228775994134661 0.54362849183577477
                         1341848044.9696 0.2049196981245216 -1.8458563800065431 2.4686562785672885 -0.069705118701558336 -0.70519027818163305 -0.43412410543185614 0.5562230928934031
                      1341848045.1398001 0.21171786021449912 -1.8166274231511452 2.4387152853749505 -0.073170963355798535 -0.69825542661787066 -0.43608910444850646 0.56294907611752898
                      1341848045.3097999 0.21230239162011999 -1.7870739726515597 2.4031373162563456 -0.071046304407798827 -0.69588187812116653 -0.43478392488907169 0.56715409986229171
                         1341848045.4796 0.20659131073448389 -1.752864114842708 2.365506754424028 -0.071160879929831292 -0.69446408967806406 -0.43879714621809096 0.56578513747366099
                      1341848045.7395999 0.19180910194421119 -1.6999144484601016 2.3063514576768105 -0.068418065586842769 -0.69823780437226912 -0.44372374602413672 0.55757705661285506
                         1341848045.9096 0.18091372256805816 -1.6620151556410194 2.2714724623922096 -0.066683922276817104 -0.70183980431917914 -0.45075559855410935 0.54753404821538032
                         1341848046.0797 0.18006647188844482 -1.6252370479068987 2.2407979948697996 -0.062441117902958976 -0.71269326294192004 -0.45768314258978032 0.52791624405900894
                      1341848046.2497001 0.18797194753429414 -1.5932612296256785 2.2147298054417015 -0.054058598327068358 -0.71761625048602018 -0.46884929980606682 0.51213759777686618
                      1341848046.4196999 0.20537447794592156 -1.564654172151827 2.1935695077604267 -0.048900666186678848 -0.71808749353988754 -0.47985435256353048 0.50169600037665829
                      1341848046.5896001 0.2347604338749032 -1.5405039644485434 2.1773805281128951 -0.042887816621226045 -0.72387877677294565 -0.48406813086533373 0.48973278060970188
                      1341848046.7795999 0.28086480471243536 -1.5237256255572365 2.1643538503428807 -0.041084565701424089 -0.73169215739127869 -0.48265418228838841 0.47956603882338117
                         1341848046.9496 0.32525880186324874 -1.5116861911039803 2.156155982631133 -0.040211730038301779 -0.732934449708741 -0.48173621287535545 0.47866515478148397
                         1341848047.1496 0.37923246391933785 -1.4949375069334261 2.1485175676901833 -0.040256277745870345 -0.73249764777157789 -0.48589786780518496 0.4751103978798274
                         1341848047.3497 0.43831820275247502 -1.4793905307349728 2.1364947977253621 -0.039675876906452842 -0.73541228336958486 -0.49133445936456865 0.46495703812477607
                      1341848047.5197001 0.4878810593560432 -1.4714547108126284 2.1212525535515452 -0.038908960790056471 -0.74431477990613271 -0.49061169763412688 0.45142193492129223
                         1341848047.6896 0.52947620996489764 -1.4634883882051999 2.1016566062679591 -0.037675474544813001 -0.74906197596778379 -0.49073633215492796 0.44346878929659839
                         1341848047.8929 0.57217095435875509 -1.4480519521376785 2.0767655387400978 -0.033000051630445747 -0.74857117263343931 -0.49314651514648555 0.44199401658106507
                      1341848048.0495999 0.60542889049450244 -1.4352787986517992 2.0541687196272962 -0.031363431480781204 -0.7493397159655053 -0.49113008186604323 0.44305481368419852
                         1341848048.2196 0.63902165881280093 -1.4220166341218565 2.0295155066785981 -0.027843936510850958 -0.7467517338063443 -0.48900116295954671 0.44996047146500484
                         1341848048.3796 0.6706835268606135 -1.4132944696127119 2.0067701784110539 -0.022834459596565885 -0.74498589548060412 -0.48398916038136952 0.45850746517721214
                      1341848048.5596001 0.7068309991138616 -1.4058124829700471 1.983988604155098 -0.014858139871937653 -0.74787585650696542 -0.47483821056551884 0.46366972374790116
                         1341848048.7196 0.73537113912211194 -1.4031436746529002 1.9660548964939424 -0.013074328653135958 -0.7530888482818523 -0.46454469469122017 0.46570857320648951
                         1341848048.8896 0.76434038367485158 -1.3996162227431004 1.9472913692917446 -0.0043283443111361564 -0.75957593346070584 -0.45442169475394018 0.46532417740729809
                      1341848049.0596001 0.7991422231408013 -1.3993674487747465 1.9249096785312387 0.01020586576894307 -0.76952440897116348 -0.44593277431599515 0.45702514711154313
                         1341848049.2296 0.83611237466711297 -1.3951022713917438 1.9048768016032214 0.015488185705021681 -0.77368446766880561 -0.44304940728120795 0.4526363698371732
                         1341848049.3996 0.87815005350849662 -1.388636983219925 1.8904278014134501 0.016226788131773515 -0.77473103283767031 -0.44024711115014847 0.45355374458728953
                      1341848049.5604999 0.92076471500463186 -1.3841239466757744 1.8789930680662756 0.016329980363947283 -0.77448530093893841 -0.4319783177780292 0.46184476108374234
                      1341848049.7297001 0.97513714225648529 -1.3730937975181525 1.867511562751095 0.011808084879763717 -0.77601685518202734 -0.43195281889819725 0.45942918045197129
                      1341848049.9296999 1.0401179953641768 -1.357267405660763 1.8562233365763152 0.014020710559308546 -0.77968894622080753 -0.43766214807266024 0.44759402471539245
                      1341848050.1013999 1.0849615573083489 -1.3438816686555402 1.8454573253843183 0.013529038424202349 -0.78508344265565222 -0.44045471744853137 0.43527071468753814
                      1341848050.2695999 1.1234770712546065 -1.3249411578566352 1.8329248780522049 0.016892742625562007 -0.78933050611494504 -0.44821968103420956 0.41925064686473967
                         1341848050.4296 1.1570599682166867 -1.308846952883544 1.8194035764166956 0.021199847204699446 -0.79351460782030503 -0.4558579541707975 0.4025899393595177
                      1341848050.6003001 1.1896835719025063 -1.2949671513446606 1.8026610678892441 0.0260360460433295 -0.80042770481610104 -0.46074291306342419 0.38256186654067914
                      1341848050.7695999 1.2235829100694671 -1.2812872245656348 1.7837202528285734 0.026090860088463869 -0.80683802965029283 -0.46438114060414493 0.36425515395265295
                         1341848050.9396 1.2568318804806311 -1.2653676437016279 1.7632658422598988 0.030423276341026595 -0.81438392635443724 -0.46657813887604815 0.34374130545392911
                         1341848051.0997 1.287794829255887 -1.2519857335413846 1.7475836777535547 0.032422673444055208 -0.82082552785602814 -0.46612562229802307 0.32851351160019893
                      1341848051.2995999 1.3164347205557725 -1.2443732301622934 1.732033230215491 0.033521457546722484 -0.82969589889829631 -0.46120944348358467 0.31267695226359954
                         1341848051.4696 1.3322242370161923 -1.2429459089163812 1.7250087071706783 0.038803787507449082 -0.83918573863534796 -0.45578909449786986 0.2941391906613845
                         1341848051.6396 1.3451277369224668 -1.2398514845655524 1.7250737310568609 0.058683061161860076 -0.85063659251387536 -0.45586871854220873 0.25525947046826902
                      1341848051.8096001 1.3611319934833448 -1.2403631418182259 1.7323381635047115 0.068273991739617818 -0.85695693664059736 -0.45982106316761134 0.22254900732851987
                         1341848051.9796 1.3670428605349842 -1.2432078776954814 1.7472857094065142 0.08428594212138793 -0.85709406763711038 -0.4663600938556981 0.20197500350510483
                         1341848052.1796 1.3609353401287887 -1.2575733754974945 1.7765262748488628 0.1039187721732579 -0.85099589681758847 -0.47468470514139011 0.19920166438677817
                         1341848052.3796 1.3537619963498106 -1.2800583711373985 1.8137335068085516 0.12153698714316262 -0.84414081604623481 -0.48132447670763367 0.20243959978986864
                      1341848052.5796001 1.3483974394757812 -1.3074312130178551 1.8516387710462907 0.13434736777592143 -0.8404228824689246 -0.4832145029985665 0.20528981340084551
                         1341848052.7809 1.3400922643578732 -1.3385688711242087 1.895298939551608 0.14469861370580367 -0.83625346273751788 -0.48762933529035368 0.20484161836750192
                      1341848052.9497001 1.3318350176538742 -1.3704498622274452 1.9325267555383761 0.156363718295291 -0.8318088198407676 -0.48633105632074153 0.21708656912377652
                      1341848053.1196001 1.3208737680131322 -1.4027563842443449 1.9683377823525414 0.15992734289417376 -0.82504002640450436 -0.4852429187316874 0.24139492464842197
                      1341848053.2895999 1.3096496230606332 -1.4348656671780895 2.0001799323987628 0.16032944579972735 -0.82259128556435823 -0.47778899971927535 0.26335473694312589
                      1341848053.4495001 1.3038426494168602 -1.4617253284391358 2.0270235099182066 0.15395872039206579 -0.81766401946136047 -0.47221757917164314 0.29108902695705047
                      1341848053.6194999 1.302547986491192 -1.48333163232624 2.0553939431233412 0.14006884246711929 -0.80740104440838523 -0.47494729404286978 0.32079485771989247
                      1341848053.7895999 1.3012704066723759 -1.5024132020984062 2.0789502901414272 0.12794310320403085 -0.79263408200011187 -0.47322818709935155 0.36251463050340982
                         1341848053.9914 1.3160180743944798 -1.5312588080229608 2.0907000695267475 0.11249005856885473 -0.78507979010732698 -0.45721011956734559 0.40243585383688774
                         1341848054.1896 1.3499886065729845 -1.5524968487134174 2.0925571024127496 0.079176012223134903 -0.78372871402638866 -0.44692454481453442 0.4239798499236801
                      1341848054.3596001 1.3892450057306316 -1.5676258563124419 2.091490212425863 0.078875452210263056 -0.77782600655474887 -0.44884502957905476 0.43278575067566133
                      1341848054.5197001 1.4207253668753377 -1.5814473288859547 2.0936842402512412 0.071983940937536711 -0.7741643339417309 -0.45192244400582082 0.43732596641802929
                         1341848054.6896 1.4460566575755585 -1.6032981741914112 2.1012734609554968 0.068251652882447583 -0.77170409222198 -0.44502457173053123 0.4491855256825632
                      1341848054.8603001 1.4696517525550155 -1.6267811582594169 2.1167602602430255 0.06613410916658298 -0.77021729930343263 -0.43245816447927798 0.46408138018421169
                      1341848055.0195999 1.4979766462064905 -1.6466057374136041 2.1308381315662053 0.064034071155990802 -0.77157862095903684 -0.41550992816780336 0.4774071312874657
                      1341848055.1895001 1.5434216197906261 -1.6671465619278329 2.1471831278712781 0.06310712872512933 -0.76944567346123272 -0.40316885138617736 0.49135091652281532
                      1341848055.3596001 1.6052089454835301 -1.6835941313205369 2.163223509562223 0.060325061498329183 -0.770590872484751 -0.39639595563688623 0.4953996775868279
                      1341848055.5295999 1.6677578269548547 -1.6929748656157866 2.1790405652543567 0.065049148108653476 -0.76405142862958708 -0.39577555135169779 0.50532735498059589
                      1341848055.6900001 1.7193296258021047 -1.6968716396546966 2.1904451571255499 0.067084749552876868 -0.75882738314429976 -0.39080316179094293 0.51667545684114324
                         1341848055.8604 1.7611317397032165 -1.7001833611123667 2.1925105322453011 0.063465163369089569 -0.7483960281928882 -0.38361271451671403 0.53732377881940296
                      1341848056.0295999 1.8000049272815013 -1.6909157025654347 2.1805419988112957 0.06089728920088576 -0.74472225086462962 -0.37678269220624205 0.54746241157628317
                         1341848056.1996 1.8443258213560769 -1.6667370365614298 2.1529566683130565 0.059928829537964814 -0.74501758984572908 -0.37118912105985064 0.55097727958372866
                      1341848056.3696001 1.8950406898825274 -1.627469893494383 2.11622393651025 0.053760919793859996 -0.74691834780231792 -0.37135462846408096 0.54892484470779634
                      1341848056.5395999 1.9466536667774679 -1.5843671166922819 2.0742958880463571 0.03033165567615187 -0.74509358424055983 -0.38038008623951403 0.54701602479261902
                         1341848056.6996 1.9901153300408609 -1.5509020256532402 2.034268128826934 0.016323442935510676 -0.74740564843816348 -0.38410626457128461 0.54183089558510222
                         1341848056.8697 2.0265128155084904 -1.5228242724065368 1.9949066905370159 0.014777481268633597 -0.74941211081144332 -0.39317108979078863 0.53252193228938094
                         1341848057.0397 2.053401157731841 -1.4986297818068071 1.9616613348147571 0.019305314927829064 -0.742200534715864 -0.39807303040637154 0.53879823083053158
                         1341848057.1996 2.0856369767922258 -1.4695433314949531 1.9308925132942276 0.022945696653355888 -0.73638218542885625 -0.40601941481878806 0.54070602620862551
                      1341848057.3694999 2.1267982062819097 -1.4310167783471091 1.8998050899618919 0.022112924845347326 -0.72403760678831253 -0.41664390865046197 0.54926170073609049
                      1341848057.5395999 2.1769423636942267 -1.3935469831021314 1.8647014160557567 0.017087962584604738 -0.71731784604379467 -0.41323386406995927 0.56071461802561251
                         1341848057.7096 2.225531033194267 -1.3604152966364234 1.8282934149000512 0.0086797424158527869 -0.70034237829780566 -0.41144690698815728 0.58322950710817645
                      1341848057.8705001 2.2712860686457086 -1.3300338707575259 1.7927200302929829 0.0013571741068805902 -0.69701533293169504 -0.40067718414859754 0.59466425639961984
                         1341848058.0409 2.3133667419298125 -1.2961311868030816 1.750008732529492 -0.0014129045296023685 -0.6993405026703936 -0.40037357616633568 0.59213331652026713
                      1341848058.2097001 2.3491261462728774 -1.2606426715078272 1.69898138414485 0.0010782143756313675 -0.70819841052984078 -0.40049479414889022 0.5814273545649582
                      1341848058.3694999 2.375852988545196 -1.2291966921687407 1.6550435156763368 0.010134189788646719 -0.7154454663371419 -0.39565787290009352 0.57575162223577869
                      1341848058.5796001 2.3907514334959412 -1.1944800559829813 1.603830221406243 -0.00096981499980969255 -0.71409055614015549 -0.38338039145637626 0.58574159194739217
                      1341848058.7495999 2.3966742453448027 -1.1638340708501658 1.5688171681968717 0.01082625688507795 -0.70731457317892332 -0.37781367681967132 0.59736564375479195
                      1341848058.9495001 2.3998422278245823 -1.1405488811793387 1.5363318818505669 -0.00042459158262614372 -0.70210559101171821 -0.37061084277467704 0.60802562611284516
                      1341848059.1194999 2.3991851612641559 -1.1297986618965967 1.518687872983302 0.0073657924363550037 -0.69696743498495239 -0.36248443692950999 0.61869796561503021
                      1341848059.2795999 2.3996481205969182 -1.1255173416867559 1.5128128439691593 0.015477739511135551 -0.68917116142487955 -0.35709053726927581 0.63030936692440809
                      1341848059.4495001 2.401947565920866 -1.1253393490112531 1.5140173645416866 0.020819001342792496 -0.68446415768820856 -0.34508536895239411 0.64186562001578662
                      1341848059.6194999 2.4082149713576397 -1.1256305902289896 1.5138598601157436 0.025008225908558696 -0.68124684008857117 -0.33624158465385967 0.64978375499523278
                         1341848059.7795 2.414669246238661 -1.1217636443827161 1.5084971121650934 0.030614948659016442 -0.68132594397672208 -0.33254267746021965 0.65136245720061492
                         1341848059.9496 2.4252382245998532 -1.1188111643277325 1.5039904994764348 0.036524230150906022 -0.68171577465268396 -0.32963694721029041 0.6521265722507058
                         1341848060.1197 2.4344282285834664 -1.1175775756030133 1.5021379105745432 0.050841944342907258 -0.69003768473694915 -0.3209266003591344 0.64673735590286718
                         1341848060.2895 2.43648975460128 -1.1166566433182261 1.5102786718537309 0.064009575737437541 -0.68676598051969673 -0.32274714597725213 0.6481431492951778
                      1341848060.4595001 2.4346538114606999 -1.1187716970980104 1.5237347433567061 0.074559205348173146 -0.6879290416234991 -0.32402775506608539 0.64513608838419212
                      1341848060.6194999 2.4298407545215035 -1.1240062200310272 1.5373161369731121 0.087791539299996932 -0.68564830296237123 -0.32540655181406403 0.64520510406276121
                      1341848060.7895999 2.4234802406143441 -1.1317449703702864 1.5471566453961287 0.08720620707569246 -0.69029059587895025 -0.32374080345832645 0.64115977951265202
                         1341848060.9995 2.4035122228422154 -1.1464195120292273 1.5571002912743737 0.082665756409092933 -0.70200510098078406 -0.32009291744531521 0.63078977093451538
                         1341848061.1996 2.3736140114405444 -1.1735227734106597 1.5654135443963932 0.090024095425973283 -0.70934563383606719 -0.31005668528440333 0.62656945816955667
                      1341848061.3894999 2.3502415024645145 -1.2005490567351262 1.5730716011884964 0.092705719272279774 -0.71330561263868009 -0.29974805164390417 0.62669917674116171
                      1341848061.5596001 2.3351861510058556 -1.2133190754056529 1.5820311221361067 0.093215005908340171 -0.71269885768341557 -0.29549650832339264 0.62932750972680829
                      1341848061.7304001 2.3238499993870283 -1.2218646844440617 1.5897170984981321 0.095448794012017793 -0.71070259065317942 -0.29320375199724952 0.63231551868924296
                         1341848061.8996 2.314132106864041 -1.2248541526267402 1.5934927633265317 0.096980630128321685 -0.7070304076349927 -0.29833638599292012 0.63379662420376881
                         1341848062.0595 2.2996048454653293 -1.2236277436961502 1.5952995830155063 0.097508294809377047 -0.70702094401780347 -0.30627609882518309 0.62992735172555303
                      1341848062.2295001 2.2799086361140022 -1.2219002194797328 1.5969042628185854 0.10010092155971446 -0.71013281428776098 -0.31701264245510236 0.62064013413432562
                      1341848062.3994999 2.2655640731006601 -1.2207111308752976 1.6005263589309293 0.096130831104393535 -0.71663947119766014 -0.32321971079090933 0.61050450464264183
                      1341848062.5696001 2.2544754084623921 -1.2255369514894092 1.610610652259687 0.085918965207515352 -0.72040070115141019 -0.32296734074468925 0.60772761827197741
                      1341848062.7395999 2.2413276606720336 -1.2382011543819982 1.6293788352600869 0.078456290644187701 -0.72763955648782508 -0.31912314528041807 0.60211768321391246
                      1341848062.8998001 2.2262264810292174 -1.2532426051009335 1.6494130343622526 0.075917716310315311 -0.73127875347549476 -0.32426089194307178 0.5952501650750186
                         1341848063.0695 2.2056474857066184 -1.2729657058362811 1.6720617484294085 0.078564557035650823 -0.73674515507749616 -0.33392271393485284 0.58269186365180237
                      1341848063.2397001 2.1831237992686701 -1.2960019932687552 1.6981819132560978 0.078482901994915616 -0.74284804212716793 -0.33821215709623348 0.57238951527312465
                      1341848063.3994999 2.1605958009084332 -1.3120208967944476 1.7209321664352539 0.084178159482600157 -0.74052592340230072 -0.35066979509723395 0.56706797567994949
                      1341848063.5806999 2.1297842802613696 -1.3225762170905648 1.7430639401748786 0.083107973354357267 -0.73846628764302968 -0.35664729230040026 0.56618311143520217
                      1341848063.7495999 2.1000641243022651 -1.3254143898088449 1.7614654918862898 0.072070863830299772 -0.740601364522955 -0.36431405299481961 0.55999167872744271
                      1341848063.9103999 2.0602540075835254 -1.3326470814655293 1.7727052773931238 0.075762506883423036 -0.74097801641414351 -0.37008996181252646 0.55519820056201863
                      1341848064.0796001 2.0040597064409322 -1.3445583904724931 1.7742709200203612 0.078283085362826646 -0.74818767938146258 -0.36764768404871623 0.54673772083282635
                         1341848064.2495 1.9398423651101602 -1.3594412846147059 1.785688999296613 0.074120638722040666 -0.74682731767773347 -0.36871414067146258 0.54845689981494772
                         1341848064.4212 1.8727221761925974 -1.3824522130854722 1.8064648846106981 0.077255618088848982 -0.74742583259088813 -0.3683681157989947 0.54744052235126517
                         1341848064.5795 1.8188346404715183 -1.4090684141035883 1.8227609374233475 0.083469566295486838 -0.74845542064007242 -0.36825308359527414 0.54519444351488733
                         1341848064.8095 1.7728673650746618 -1.4352963356714175 1.8513512456207306 0.080569838824066028 -0.75326249201006101 -0.36710229399973188 0.53975922867774218
                         1341848064.9796 1.745943692494065 -1.4519495936980071 1.8762936763738201 0.068977364790042059 -0.75734793876727391 -0.3658132967268774 0.53651361094514349
                         1341848065.1496 1.7180253985938538 -1.4684411452552251 1.9042151303642019 0.061744501220282924 -0.76011497854347809 -0.36513612405696655 0.5339367442605556
                         1341848065.3195 1.6927937667675905 -1.4889178376595549 1.9325114167559239 0.067625628237866803 -0.76610618980483203 -0.36341195831597783 0.52577545482943833
                      1341848065.4795001 1.6676536803508331 -1.5137244957400888 1.9586161245656926 0.073174772505188085 -0.76916810473928698 -0.365078184021014 0.51936865411045552
                      1341848065.6795001 1.6375941446919113 -1.5409275144008765 1.9843128187443391 0.076145790527062482 -0.77412281759633439 -0.367300597047861 0.50992739999926073
                      1341848065.8494999 1.6236478685067111 -1.5505323134923747 2.0045684158715056 0.081966280776018779 -0.77795548316395435 -0.3800553943508177 0.49358352105366099
                      1341848066.0499001 1.6107711083855498 -1.5528974600388197 2.0303134179223097 0.074645088213175073 -0.78655621165469047 -0.39980707295624746 0.46466304041447809
                      1341848066.2195001 1.5900278072131782 -1.5600540484956111 2.0479485730997511 0.066957155799253376 -0.79294516536953563 -0.40476064015724184 0.45047034107014661
                      1341848066.3894999 1.5566834565319034 -1.5741071716025123 2.060330980320741 0.068802865579769959 -0.79633788458135402 -0.40569765290123982 0.4433075159513219
                         1341848066.5597 1.5168045202665417 -1.5857143453129261 2.0673341196738817 0.071343010335280496 -0.80242356584198427 -0.40627255499505044 0.4312414717017935
                      1341848066.7604001 1.4640552871356678 -1.5998824960908333 2.0761308183523179 0.089015242697904839 -0.80685102377815421 -0.40735642898733249 0.41848351432077469
                      1341848066.9295001 1.4261820558274283 -1.6127767127253794 2.0890093868928816 0.098899849231483594 -0.80988986593088919 -0.40994756137403465 0.40772566979271541
                      1341848067.1610999 1.3898226227897057 -1.6284355131866937 2.1040640737806284 0.10693641604200804 -0.81110223396905623 -0.41149264227687266 0.40168591502129469
                      1341848067.3594999 1.371133008909843 -1.6428119653922586 2.1177248188189757 0.096202312132510875 -0.81225163332443895 -0.40804619266472936 0.40557453563304324
                         1341848067.5295 1.3606576225184188 -1.6528500301355908 2.1351211844209934 0.088786851017443075 -0.80878279440063039 -0.40654708059336786 0.41558002578194686
                         1341848067.6996 1.355734285250136 -1.6673114361910151 2.1489316328222166 0.094753356076192355 -0.80541833184545941 -0.40341160030852335 0.42377139235216443
                      1341848067.8598001 1.3533952507661691 -1.6825372283124596 2.1602627480346466 0.092155501095110545 -0.80706556663262075 -0.39290570423695076 0.4310193062403837
