                      1341847980.7868791 1.6195175467928844 -2.2197178098788743 2.6111782678442017 -0.049718175419167975 0.80013742465676552 0.4890051523730774 -0.34377633084494247
                      1341847980.9546759 1.6236707823724363 -2.2212684187660847 2.6050490129192787 -0.052268087875448739 0.80044819350654639 0.48845713791985063 -0.34345357898426249
                       1341847981.123049 1.6308104515774979 -2.2112920734626886 2.6092923543420827 -0.054839004199634826 0.80063222304960846 0.48615337641965783 -0.34588382678119078
                       1341847981.290854 1.6434711464523897 -2.2056935611804831 2.603387133135536 -0.049155065820254827 0.80073470834094795 0.48468363700294137 -0.34855340822310782
                       1341847981.459399 1.6602832870118203 -2.2056345519327429 2.595880013711354 -0.048711340843850481 0.80075118716366478 0.48212370004193117 -0.35211003874790892
                      1341847981.6266849 1.6882053220844742 -2.1961538847495761 2.5874841474218377 -0.053207270903821637 0.80037113479973332 0.47954577470989912 -0.35582423028826632
                      1341847981.7946789 1.7049559750320968 -2.2100484337836033 2.5741447525018026 -0.052383516810489625 0.79571027182432319 0.48556724923334743 -0.35822559505399271
                       1341847981.994858 1.7358265307076821 -2.1786034895578141 2.5778420588023074 -0.050951488355353639 0.7949101834593989 0.48824825615089562 -0.35656049477266627
                        1341847982.19469 1.7554300568949648 -2.1846734395132525 2.5582041104185622 -0.053048871219756544 0.79818276084013096 0.48576051110079899 -0.35231636836091867
                      1341847982.3989291 1.7785523409599682 -2.1502839547701944 2.5517627608847095 -0.054893454316447134 0.80110043723230073 0.47453617152435507 -0.36061089841327965
                      1341847982.5666759 1.7870562288785483 -2.182882638984867 2.5259130937209306 -0.055118063471823138 0.79385005067320447 0.47892032094387954 -0.37067428061881819
                       1341847982.731415 1.8033300312961242 -2.1580735421860497 2.5099656921857427 -0.058786365027616305 0.78444400335692022 0.48227692815698742 -0.38548765667874269
                      1341847982.8987639 1.8492329488125492 -2.0993389395977484 2.4977743981959417 -0.061886150429789066 0.78673267671752878 0.47025622279046814 -0.39507073378914792
                       1341847983.066757 1.8722299521657333 -2.1161805086029264 2.4561001125767374 -0.056609375534926301 0.78164587568026211 0.47895665482932087 -0.3955067969432241
                      1341847983.2352409 1.9096828011065985 -2.0923487846681361 2.4226914247252078 -0.051404982040702672 0.78233901428587804 0.47724484335772649 -0.39691378665404781
                      1341847983.4026849 1.9447150590359779 -2.0451145557091448 2.4176360682274103 -0.057565966327564284 0.7790905049454262 0.47618592757033379 -0.40367202901444071
                      1341847983.5707071 1.9794618236100789 -2.0390691115919868 2.3699672315442921 -0.061620555598032423 0.77327025534679372 0.47982617643868514 -0.40990591570252566
                       1341847983.770716 2.0489424892829358 -2.0075643817282178 2.3448278067572348 -0.062372301412603734 0.77804044514660342 0.46707521784817896 -0.4154557769542348
                       1341847983.938781 2.1062116577763623 -1.9934117419187485 2.3127674545947703 -0.059604556381685971 0.78125744435555322 0.45935749685856042 -0.41841939794590072
                      1341847984.2748139 2.2063173920338541 -1.9216384298987959 2.2465399152797136 -0.063652174580806978 0.76553530049296337 0.47729921756166999 -0.42671953468912172
                       1341847984.474678 2.2275938182777115 -1.83779646592321 2.2430921996031072 -0.058844862038771276 0.76601120494546471 0.47743762048573302 -0.42640055658331
                      1341847984.6426871 2.2342600034827726 -1.7867042776982931 2.2035642767227022 -0.060993174824874478 0.76476196928323537 0.475870184064482 -0.43007735453200296
                      1341847984.8106861 2.2336143771578576 -1.729068925686315 2.1453743441826489 -0.060981353387213062 0.7670595155732558 0.46876094386839967 -0.43377892020151587
                       1341847984.979255 2.2213713369606016 -1.6887487628759836 2.061361964592626 -0.051154443505558672 0.76628020105624428 0.4653791191464422 -0.44002289922380172
                       1341847985.146837 2.1961158102092648 -1.6420768784737585 2.0302673494125525 -0.050595297855922372 0.75907713306531821 0.4664477043395675 -0.45129653334426922
                       1341847985.314667 2.1652529778435383 -1.6055904650324253 1.990563347037511 -0.057664687064154063 0.755401222547183 0.45988370056233857 -0.46319624220961025
                      1341847985.4787011 2.1483741659604711 -1.5727968125013727 1.9335927647957702 -0.061446349019724227 0.74947989147526717 0.45921966981001311 -0.47288638521948434
                       1341847985.647135 2.1215680218058806 -1.5332262419141873 1.8850166350065642 -0.063950727462113222 0.74545810585050432 0.452811573307703 -0.48493731136864243
                       1341847985.814724 2.0973375363109792 -1.486953934767401 1.8368306954251592 -0.066530732216457902 0.75005955321506734 0.43045808838572835 -0.49768480230449064
                      1341847985.9831841 2.0853598290428028 -1.4595455130635464 1.7632102201229309 0.066926082488104194 -0.7422937617525357 -0.42348918722396234 0.51495415237713449
                      1341847986.1506491 2.0677657987649867 -1.4381401150928501 1.7025650471092124 0.065960850690527567 -0.73076776908268959 -0.42589365700646925 0.52937909551449691
                      1341847986.3268149 2.0325909989312709 -1.3996328372932063 1.6410367802741903 0.071558872640303195 -0.72355938644098095 -0.41684496705720714 0.54551023407327215
                      1341847986.4937561 1.9972353713167275 -1.3630879167940568 1.5933962474565664 0.073545224401717277 -0.71533030632219619 -0.41012332596951856 0.56097460755402651
                       1341847986.662611 1.957578987590594 -1.3235754142869018 1.5447115987100328 0.076630931451853804 -0.70762194239309062 -0.40570611408639345 0.57341209961211093
                      1341847986.8298321 1.9194135885371528 -1.2915170267967373 1.5006821334869045 0.06334459408970558 -0.69943847889631183 -0.40315744825843008 0.58671743501669993
                       1341847987.022913 1.8832168866415055 -1.2574053848128481 1.4632928377758097 0.053567230632794623 -0.69171813226560896 -0.40153851635509857 0.59784897522757097
                      1341847987.2592721 1.8379133887500796 -1.2130906896317319 1.411192058596578 0.056208907397677761 -0.67267808959378572 -0.40547262755213442 0.61639005087329435
                      1341847987.4586511 1.8145639238881377 -1.1592881437768372 1.381450892535923 0.083095323168171739 -0.65910419341927262 -0.39090449152250428 0.63707967162062196
                        1341847987.62694 1.7982113473216561 -1.114782565317872 1.3430741097778056 0.087751946025094243 -0.65097097417203753 -0.37352885873777408 0.65499051782783357
                        1341847987.79529 1.7829620630454981 -1.0653189129978156 1.3102542117258256 0.07940786412712314 -0.64614149518587904 -0.36530029855789931 0.66539555993952559
                      1341847987.9659059 1.7614638234381221 -1.019613694674655 1.2734553651297045 0.076843390294148273 -0.64749647439537872 -0.35850806497169896 0.66806839198086898
                      1341847988.1337781 1.7482017914175683 -0.97956502840614268 1.2406459419957792 0.097487819180899479 -0.64824139653019874 -0.3565791456326034 0.66568050131865264
                       1341847988.301805 1.7326805424286844 -0.94203110137652624 1.2172642683119879 0.094112682177284496 -0.64522728575236643 -0.35309625119339078 0.67093039144698563
                      1341847988.4698019 1.717978131662623 -0.91122207215148188 1.2006727948501903 0.084907550930712464 -0.64263721653416339 -0.34714339589192794 0.67771644395631392
                      1341847988.6377759 1.7174572641256201 -0.88393977235221843 1.185038449395861 0.081781239828001812 -0.63540455329627898 -0.34921745013649996 0.68382750382147695
                       1341847988.806076 1.7261064218001398 -0.86434153798978441 1.1627798780678851 0.077783031825282345 -0.63015108312331447 -0.34611614890076342 0.69069749085159227
                       1341847989.034698 1.7487210291246975 -0.83663647693787091 1.1154541557622837 0.07073140706076804 -0.61708079566347196 -0.34478860757085922 0.70379626012638663
                      1341847989.2027719 1.7731914623801273 -0.81417440226216031 1.0801420354533426 0.072182443738978003 -0.62202257747270007 -0.33565099317829433 0.70371586503965711
                        1341847989.36673 1.7879724011505442 -0.80579191840926234 1.0234367574712762 0.079888306910131948 -0.62523018185555368 -0.34832994091863134 0.69380928962902089
                      1341847989.5347199 1.8127467184878006 -0.79446903284318182 0.98127469244160626 0.087373069649756094 -0.62164826867105005 -0.35623182519236013 0.69211145307557576
                       1341847989.702641 1.8335434478328421 -0.77956480276948981 0.94176742480831621 0.093930583511118645 -0.61299507125816821 -0.3602245949298819 0.69688760162744801
                        1341847989.87096 1.855788955188582 -0.76141750014455223 0.90864608533738589 0.09811899436085858 -0.60571390074734877 -0.35951542243333628 0.70301635430452436
                       1341847990.039022 1.8908203074559209 -0.73708364952251126 0.8639282661010923 0.098635065687731296 -0.60333620725274373 -0.35434769436475771 0.70759752425586642
                       1341847990.207058 1.9457155049086889 -0.71443488987209935 0.8282286577248017 0.098618455860377499 -0.60888771334263014 -0.34529610010604828 0.70731941579151625
                       1341847990.374681 1.9707580015810597 -0.69022866921529202 0.78271735209208937 0.096922551722048222 -0.60887596641826613 -0.34518282618351986 0.70761917229104754
                      1341847990.5428441 2.0027779229159153 -0.6522386340903974 0.74829211624439262 0.091257840840065579 -0.60477102117037651 -0.34611166787183245 0.71142865545374789
                      1341847990.7427361 2.0255943887932464 -0.62802026807559763 0.70774320414957614 0.081963168825520932 -0.60052003650794827 -0.33821070657392904 0.71991057963287031
                       1341847990.910852 2.0428781632763848 -0.6158717888376164 0.68428594056362901 0.079709441209927345 -0.59549259276982058 -0.33456714999086795 0.72601639036957411
                      1341847991.0786991 2.0517065901065226 -0.59615304201503028 0.65265465554839464 0.082219042968084605 -0.58693956476118792 -0.3302671432042284 0.73461935069196027
                      1341847991.2468741 2.0529260936615121 -0.5688734687262671 0.61229879188724157 0.085367536156073578 -0.58097498473467146 -0.32323573984153042 0.74209103711895641
                      1341847991.4147401 2.0595367978253014 -0.53057614438084533 0.5702164722754971 0.075070275657840108 -0.57843757710925792 -0.31027894261397976 0.75066730371781742
                      1341847991.5789239 2.0604728857954417 -0.5136013600236401 0.5392590453966386 0.068727970630665158 -0.56801956585411828 -0.30557543116118346 0.76108731084583614
                      1341847991.7826829 2.0565077679928492 -0.51050815586653042 0.50359883655525517 0.063948225855356186 -0.55029257623389871 -0.2895235567006274 0.78055417176979447
                      1341847991.9510131 2.0506927873914114 -0.49842884751595229 0.46714248875878994 0.069573013827357658 -0.53670841670427982 -0.28423562393667728 0.79139988708053988
                       1341847992.114861 2.0442020408862951 -0.47973134460117484 0.42839478509322837 0.076801337141313986 -0.52489676231741633 -0.28457376485683505 0.79850029172017645
                       1341847992.318697 2.0408996865632822 -0.44730598552515854 0.376205374473631 0.081507918025882795 -0.51160977281993403 -0.27735660610719692 0.80912620319880801
                       1341847992.487395 2.0436831902558299 -0.41292796332649129 0.32824682815297768 0.079034585212191477 -0.50158813053892548 -0.26238815287999934 0.82055794364019474
                       1341847992.654748 2.0452561667540508 -0.37475869812421969 0.27520211087073232 0.0781075457179113 -0.49169966014420807 -0.25734535162720107 0.8281932295737916
                       1341847992.818748 2.0466157042308808 -0.3471040807536574 0.22874817112020329 0.078379791499226206 -0.48615087042922317 -0.25558341699134879 0.83198020194261413
                       1341847992.986737 2.0437447122090058 -0.32384416785766734 0.1936013707904729 0.076785093374597421 -0.4770172561359366 -0.25507241632811883 0.83755396794029435
                      1341847993.1546969 2.0308128824036222 -0.29322217231024217 0.15814943181971142 0.077343787803917652 -0.4681939430851379 -0.25614812531130737 0.84214043249688242
                       1341847993.354727 2.0079714522607972 -0.26746893288519247 0.11103040833007904 0.080202058856635491 -0.46091042903343055 -0.24143179956309901 0.85019991315166554
                      1341847993.5227261 1.9788772078285368 -0.23178859429711696 0.074032774858627803 0.081296732822927695 -0.45020890781992506 -0.2302736430312792 0.85888115003009047
                       1341847993.691246 1.9416033274290165 -0.19485606129274335 0.033574246481907766 0.067521163984901642 -0.44013783992605571 -0.23057151489416616 0.86519151105333847
                      1341847993.9026711 1.9107293628004007 -0.17723983966017176 -0.011717387094860365 0.066998455112966232 -0.42715347762194722 -0.23612727232725936 0.87022699615171717
                      1341847994.0657649 1.8884294723294706 -0.16254771140729796 -0.0492565102908189 0.073128547004749439 -0.41695107905923295 -0.23355724914773968 0.87535994005600704
                      1341847994.2336481 1.8661285268030325 -0.15357181592392133 -0.087039996808397024 0.078275481107034667 -0.41066324171026891 -0.21837674497117185 0.88178242680452146
                      1341847994.4016809 1.8491642889785411 -0.12871401909468316 -0.13607612038899597 0.086015875751173143 -0.40293722668634641 -0.20760197512933096 0.88721151953267352
                      1341847994.5702119 1.8286589341075308 -0.097162496277684474 -0.1892237058709072 0.087017633745072986 -0.3991252566517996 -0.19346717014648349 0.8920187301820266
                       1341847994.769892 1.7999265360748979 -0.065867532457148603 -0.24372922369179961 0.082091917880423498 -0.38525469530750273 -0.18903525243986563 0.89950286830962001
                       1341847994.966794 1.7734380450299296 -0.01946070769678121 -0.28746163084441023 0.07188830515220318 -0.36694626168565764 -0.18806339271279315 0.90819308130959597
                       1341847995.134968 1.7503638272485564 -0.0025263893798626036 -0.31873445384529209 0.073628036559868618 -0.35085771265270727 -0.17427158855898059 0.91711896236288692
                      1341847995.2988069 1.7281382384920314 0.012145713316872975 -0.35414212100114928 0.077558195212312026 -0.34001628243443394 -0.16225577936037322 0.92306376599833773
                      1341847995.4667909 1.6970037340762696 0.034633660960891266 -0.38029121223090034 0.079764412388392145 -0.32897972421929289 -0.15994836502845416 0.9272682999508054
                       1341847995.634845 1.6651931309648473 0.061398685849965773 -0.40419644009431144 0.070791091446226459 -0.33035717458620018 -0.14617208461554188 0.92977765097383458
                      1341847995.8027711 1.6311004505503863 0.070103273146685519 -0.42008513483399623 0.061355667279227442 -0.32131802804401405 -0.14184987229172749 0.93427448893644072
                       1341847995.970762 1.6122720009449809 0.077996977390546895 -0.4380106762700593 0.062333587135131242 -0.31281593726624551 -0.13882915576478577 0.93754316104206326
                      1341847996.1388769 1.5995692096215346 0.07855418600983799 -0.45449411964180864 0.067445678268982082 -0.30093176670880273 -0.13456375060044309 0.94169196093664176
                       1341847996.338989 1.5869427678991479 0.094063747066986281 -0.47147619808037811 0.073371442403802056 -0.28776797082350702 -0.12491521135496805 0.94667967992338919
                      1341847996.5067201 1.5707287933862562 0.10055127717454937 -0.4899615625216347 0.073786510100560587 -0.27730718332008469 -0.11297943953882404 0.95125807394615791
                       1341847996.674789 1.551096856188876 0.13821448894208377 -0.50994181829674545 0.07094276927158745 -0.26676388773476217 -0.10898467762871172 0.9549484235972534
                       1341847996.842787 1.5293160755005761 0.15845605883664016 -0.53418032994607012 0.066232168145007264 -0.24685624955698571 -0.10642045767195329 0.96091101468677254
                       1341847997.010766 1.5045606416985677 0.17761669854319417 -0.5810877491625539 0.067003644708876819 -0.2457497844963285 -0.095331702137995994 0.9623042250677315
                      1341847997.2109079 1.4680765645085816 0.21996771669010595 -0.62978264243540583 0.074136365256891712 -0.24495868907289212 -0.097176497077726159 0.96179819526233756
                         1341847997.3787 1.4368276327910894 0.23093542597703198 -0.66086445503154523 0.072436938256195529 -0.23860458738956214 -0.097744221544878107 0.96346603884481097
                      1341847997.5466149 1.402704545135574 0.24051343326410146 -0.69025894312686242 0.08044865890668404 -0.22463033898965359 -0.091562199153350357 0.96679138792798081
                       1341847997.714649 1.348888523629141 0.24357489689097944 -0.72271986180018422 0.089419025255489254 -0.21277672537464357 -0.089045044401683954 0.96891758324880439
                      1341847997.9151869 1.2842395883695654 0.25628754483258209 -0.75667200253460365 0.094928657810316397 -0.20398077220319027 -0.074685749052524772 0.97149494768947997
                      1341847998.0826471 1.2288347731988811 0.26724073519465352 -0.77982637064796245 0.09254973284225837 -0.20297353818092867 -0.062332954088609963 0.97280568079330676
                       1341847998.318825 1.1583066114681189 0.27930146917294429 -0.80654144893114177 0.088203700309848823 -0.20702810620602102 -0.070159671499574208 0.97182153247778513
                      1341847998.4840569 1.0926236783849792 0.29209819689733885 -0.83429376477389594 0.084822680266502373 -0.20836190434966614 -0.082947331501032243 0.97082962971112763
                       1341847998.650754 1.0478086223501708 0.31670780074886795 -0.85120264299942683 0.08156868198568791 -0.20919131115713976 -0.093981540802239014 0.96992423180571774
                       1341847998.818773 1.0051591159647026 0.34702873158897618 -0.8801915193630494 0.079318575503547775 -0.20572293538597886 -0.091359081372953108 0.97110254643212346
                       1341847998.986738 0.94542173829735621 0.38037223704613021 -0.90462283442649127 0.072546735152602709 -0.20272666369237557 -0.089430578265112026 0.97244076566031734
                      1341847999.1549101 0.91517601485599398 0.39823285894945482 -0.92741804415001505 0.063021435020195055 -0.19873586440160007 -0.08725782121873156 0.97412444151900024
                      1341847999.3548801 0.85444999877563343 0.41144413064448937 -0.95708777156513758 0.071357097665549429 -0.18163352657404971 -0.064652559510693097 0.97864062514578853
                       1341847999.522711 0.82924379219078648 0.40719524648188532 -0.95566544801403452 0.077750473642004478 -0.16393531850210905 -0.043380022950088325 0.98244503602232425
                       1341847999.691169 0.80117441095787201 0.4249164278042068 -0.98574992802207184 0.082596240475503277 -0.14224251848958502 -0.022991509737809779 0.98611171652760987
                       1341847999.858819 0.73529586145701087 0.41317130214902731 -0.95022578279519943 0.083343303369543834 -0.12559513297954661 -0.0066758355422391292 0.98855206720491717
                      1341848000.0588081 0.71322591966276794 0.42400536304695713 -0.94133241920127464 0.06875405886858843 -0.10436751555728137 0.018450053949704594 0.99198785103183018
                      1341848000.2284009 0.67493439098582408 0.41130379854659682 -0.91780666078032969 0.051874282274007887 -0.078542634684875809 0.028429794121367983 0.9951541891493656
                      1341848000.4268939 0.62504187523086852 0.3979487062800271 -0.90008977339426188 0.040421487138422404 -0.059705088568152299 0.039732628588354454 0.996605601028836
                      1341848000.5948761 0.58572651699279377 0.37721094696626856 -0.87516338829795171 0.040150610396501495 -0.04419854625536903 0.046227392939872339 0.99714464604473663
                      1341848000.7627039 0.54624965208123977 0.354769792562182 -0.85565323129854498 0.046924988784838674 -0.025054135029333399 0.059007504240083622 0.99683922986047824
                      1341848000.9307401 0.515272899484151 0.33566576495741351 -0.83896900880602798 0.05256333032758774 -0.014532024006021828 0.076253236984156841 0.99559598253136772
                        1341848001.09883 0.47199570792272544 0.31895327472020574 -0.81639242462507555 0.05368574976158573 -0.0061979440130255333 0.086907114764760415 0.99474950573790821
                        1341848001.33483 0.4073236934852606 0.30631788568501994 -0.7752712888147868 0.057150906268396355 0.019390026866104311 0.088101521575730549 0.99428161134905546
                       1341848001.502748 0.36588499695328652 0.29474649797952157 -0.74254399400587046 0.055374330336753583 0.051359520684330036 0.095352057853985137 0.9925743640845468
                      1341848001.6666951 0.35468424694703593 0.26063772828166121 -0.6978706945444868 0.05802118313256896 0.087442937935005793 0.109486473917236 0.9884330968469045
                      1341848001.8707421 0.32463221754681615 0.23312081634394688 -0.65764942284140182 0.059169198543065092 0.1146865984603975 0.12647804946400051 0.98353916702952748
                      1341848002.0388801 0.30242333123198317 0.20754123720287976 -0.62754172359273031 0.056728744182133584 0.13074244300793297 0.14499533792583982 0.97911419924317655
                       1341848002.202713 0.28087753140052912 0.1803949230940689 -0.5914598676281424 0.056353042749147826 0.14578940100705273 0.15845167817817868 0.97491684302274539
                      1341848002.3714719 0.2546278755751199 0.16508873746201669 -0.55835219072390641 0.04848956123405504 0.16589479439625782 0.16537517592085113 0.97096793501778411
                       1341848002.539346 0.24560838311701044 0.14599680626836098 -0.51322182441479525 0.040357505906128577 0.17845611155689428 0.17136286743425108 0.96806996422249447
                      1341848002.7139499 0.22938630994877965 0.14634025985217636 -0.47843359633987004 0.029368599954258112 0.18626651522397666 0.17298749289169951 0.96670450394424412
                      1341848002.9066701 0.20307802886508514 0.13515990664477839 -0.42652447117630254 0.027608975335346512 0.18552312257401837 0.17559887213804995 0.96642845134813926
                       1341848003.075599 0.18189933648666484 0.11742718192495594 -0.40559285076511276 0.034788878877211576 0.17536826561996971 0.16511708604617997 0.96993404580699649
                      1341848003.3107519 0.14489424611618557 0.096740524193985378 -0.36342806159029051 0.033060540491585265 0.17917775889498505 0.14831335775476309 0.9720110489553514
                       1341848003.478734 0.11439852740462636 0.090741854638161756 -0.32385539233511307 0.03210321366809795 0.16659822913833711 0.12856154144890722 0.97708052062275375
                       1341848003.649997 0.089954124921418521 0.078177070808585825 -0.28833804392647755 0.038341033221332803 0.14010833725231833 0.11245792481382785 0.98298160417704605
                      1341848003.8179591 0.07484763595222127 0.069959063170681457 -0.25147531380827437 0.040939468220021528 0.12135275167883089 0.091934907894867884 0.98749452773785029
                        1341848003.98649 0.064563458501594229 0.056277407323113371 -0.21246515013922673 0.039625452544609752 0.10926503409852391 0.079974456358272467 0.98999750614043569
                      1341848004.1544089 0.073861508352516037 0.030203524486781763 -0.162904042076776 0.039612907155281811 0.090787431173615429 0.073662068093236457 0.99235193336428307
                      1341848004.3218341 0.061697717266750773 0.015784306847611118 -0.11809579904404588 0.038251406880151162 0.068962910283560205 0.058884366054913317 0.99514500366088443
                      1341848004.4898109 0.043574917601993002 0.010917824362312922 -0.076039756640248646 0.031358694668693614 0.045872427689445189 0.035185246402751627 0.99783483156388675
                       1341848004.657913 0.027536691998343465 0.0080156907407591405 -0.042160664428997574 0.020465204232128234 0.027909081778816437 0.020673385322612065 0.99918710445506831
                      1341848004.8257921 0.012586445772813815 -0.0018124238403245396 -0.01501235098718201 0.0055463440201324685 0.015161610039341664 0.0095696413290940665 0.99982387729732569
                      1341848004.9938631 0 0 0 0 0 0 1
                       1341848005.157676 -0.013386199408533028 -0.0023457609717811856 0.0098364858834336655 -0.0017706444667163731 -0.015076856184477974 -0.0093053879589014479 0.9998414689242987
                       1341848005.325901 -0.024765534392385602 0.0020728083621575077 0.018563108936176187 -0.00071663621596993095 -0.028566411804125481 -0.021369852247131893 0.99936318521551859
                      1341848005.4937019 -0.041289512110411875 -0.003054082280250503 0.023273852306648246 0.00015939225926159682 -0.047250741334167991 -0.030228957376280285 0.99842553661924249
                       1341848005.661818 -0.058926319039738551 -0.0035699093541421423 0.03395454357322425 -0.0027904269587811837 -0.059792068130400056 -0.042842386663383782 0.9972871462177092
                       1341848005.829931 -0.075283652822182523 -0.0096445072762889605 0.03620189950180297 0.0028284663380425006 -0.077716088257676938 -0.051571857101337638 0.99563675753721492
                       1341848005.997817 -0.096964213064922533 -0.015128271594487819 0.038586540392114621 0.0061915976202581964 -0.092116650617804274 -0.05992260091160069 0.99392427714482112
                       1341848006.165828 -0.1141140713976051 -0.012864690071772156 0.036593805540981794 0.022612159950118504 -0.11040507237374235 -0.065898064010883731 0.99144180634879242
                        1341848006.33373 -0.13754745211469255 -0.016569815480703021 0.040649528190950912 0.033922358424689353 -0.13195561333327793 -0.067451660485499304 0.98837607377277925
                       1341848006.501683 -0.15537833881585905 -0.016876429491613054 0.042537179108977474 0.033260512981831206 -0.14296204234919893 -0.073528542739963051 0.98643253500990569
                      1341848006.6701369 -0.17699677837570704 -0.022064259217902782 0.040836449035543287 0.035816360813207389 -0.14961615429995648 -0.075589114701307761 0.98519971600141176
                       1341848006.837904 -0.2091565164659388 -0.027567538738430208 0.031974029296873985 0.036971319265070281 -0.14911419470612927 -0.069184112294292763 0.98570362538391509
                       1341848007.005815 -0.23605909453084994 -0.026605746285575549 0.015754864232655263 0.043796212889187711 -0.14207205173982959 -0.057566660368360417 0.98720995916017484
                       1341848007.169667 -0.26653001549635125 -0.022920395167014718 -0.0050023072590203999 0.043344710445242879 -0.12753707628656244 -0.042189144668342032 0.98998767988336467
                        1341848007.36672 -0.30632777408969514 -0.026516260997308416 -0.021127338735279055 0.041611754318494808 -0.11611118659766247 -0.026718373955753629 0.99200442677569767
                      1341848007.5348499 -0.33976399645740085 -0.018699841729813205 -0.055408668549829398 0.044889239389102088 -0.11027156184498067 -0.022000715833350577 0.99264349458310397
                       1341848007.702831 -0.38100595130032178 -0.014028458849373759 -0.08716203261584865 0.039514895863336862 -0.094393656625671452 -0.0067097344578697718 0.99472779696620994
                      1341848007.8667679 -0.41303024899862517 -0.020974796700618414 -0.089352878474827202 0.041067876048115105 -0.077057086507342235 0.0083989599274717202 0.99614511615930401
                      1341848008.0348761 -0.45020472061817374 -0.023303960292036185 -0.10833686608187509 0.035311743829422926 -0.055842698327526398 0.030408695921755432 0.99735148518642336
                      1341848008.2027631 -0.49608550417547548 -0.029594553114218547 -0.10780865950612162 0.031142043436347685 -0.037948716965663432 0.043985456078437367 0.99782530919236589
                      1341848008.3707581 -0.5362117500282767 -0.032461690354819606 -0.10842981339130153 0.02095288654803423 -0.021987842009912724 0.05968067023010673 0.99775534523746734
                       1341848008.571285 -0.59060027161179385 -0.044278578004587343 -0.11403214682594065 0.018288787891694844 -0.0019730516300444823 0.080313605826935225 0.99659989565712559
                      1341848008.7387149 -0.62568792916768501 -0.044214864602517778 -0.12090398293514881 0.019240177992306911 0.012324178793977694 0.096076415738180418 0.99511167840940484
                      1341848008.9066999 -0.66011377823949402 -0.055049602655566687 -0.12734232074996776 0.016948300425447038 0.026734901567817489 0.10162559773044144 0.99431898203583469
                       1341848009.110847 -0.70291445097258276 -0.062789112538748637 -0.12586374629292418 0.013674635706944823 0.046965720487327285 0.1090965364538071 0.99282685860686304
                       1341848009.274703 -0.73252195054630909 -0.08160060268264191 -0.13415816514515178 0.0052186395366367122 0.074712636170202767 0.12910091224602235 0.98879914151213255
                      1341848009.4790609 -0.76957662241888591 -0.075039747289935121 -0.11392090269021882 -0.0025908006679053529 0.10333587905337316 0.14674357472140487 0.98375876470308987
                      1341848009.6468899 -0.80752267388270382 -0.073769390564326187 -0.08541411457140069 -0.0014925110736984984 0.113538162363804 0.14615505139583859 0.98272354151573327
                       1341848009.810678 -0.84428807042736576 -0.082224613974523963 -0.062592037258154321 0.0036514461129777574 0.11442621752070611 0.13963508767871183 0.98356258060895474
                      1341848009.9790299 -0.87035307173827314 -0.10674001960501645 -0.023820286265550994 0.0040196811834438007 0.11551393473014779 0.13996469207405024 0.98338713537393763
                       1341848010.146785 -0.87593645383347629 -0.12523234950986828 -0.00049822376837038718 -0.003602240158393521 0.11659862516248616 0.14449563098169571 0.98260510740747786
                      1341848010.3147631 -0.87779079549225603 -0.14726818951013743 0.055658086776791293 -0.0059188973568942982 0.12566504500449641 0.15294720667622747 0.98019407011470738
                      1341848010.4835999 -0.86945066063801824 -0.1815742708821122 0.099187639730405452 -0.010152259190586722 0.13458258013064478 0.16134617893819647 0.97762562942097087
                      1341848010.6509759 -0.85282564896880364 -0.20701283521418501 0.12941218889065609 -0.017334544995561117 0.14670049563679355 0.17173753071043377 0.97400446542877761
                      1341848010.8188541 -0.84776638342755228 -0.21432562915504727 0.14908798716739602 -0.013624018141577496 0.16126638793744685 0.17891367338847031 0.97046248548098479
                      1341848010.9867721 -0.83208448974242699 -0.24520268515163413 0.16096709882357807 -0.015442640316756975 0.17278979519288545 0.18970778228469701 0.96639338205405256
                       1341848011.154649 -0.82897915518749821 -0.25648931953654408 0.17910081571855452 -0.01691106097328729 0.18176676173431303 0.19911637500220078 0.96282268853167474
                      1341848011.3228259 -0.8270827000562061 -0.26636225522055612 0.19116745390295153 -0.020531296792979353 0.19512832309295911 0.20290271508854466 0.95934034189573481
                      1341848011.4867771 -0.82381562932101182 -0.27757161278976827 0.20509738178103443 -0.018898713284761063 0.21155834574441512 0.21574146017520118 0.9530695291234208
                       1341848011.655386 -0.82660747458316541 -0.28656128429389638 0.22436228363922983 -0.023821119822831013 0.22836026850276706 0.22746588177424831 0.94633155640525601
                       1341848011.822722 -0.80597739975699889 -0.29490493032988019 0.23943956965054292 -0.033653704108429966 0.24102003115018966 0.23711487303299189 0.94050694296782944
                       1341848011.991385 -0.78626149229284292 -0.29631731407312401 0.25135769810853215 -0.034895281813724317 0.2493087051064535 0.24786529584534067 0.93551605223041789
                       1341848012.191005 -0.76319351437009575 -0.30734868076079547 0.29395373745267928 -0.046286828637512607 0.25395637450724656 0.24765256007314629 0.93382648218554687
                      1341848012.3592629 -0.72646374599903452 -0.31903847081814718 0.3279350654480363 -0.05590564971532478 0.24449582887009128 0.2342362200240293 0.93927085615592765
                      1341848012.5267711 -0.69730640163619173 -0.32262114164026578 0.36436058966824936 -0.069678827355420622 0.23927694800160895 0.22155787828246165 0.94276376136568962
                       1341848012.695354 -0.67593102741692179 -0.34038265394894685 0.39123443410256853 -0.07336707983234074 0.23160493414278471 0.20352042783931337 0.94844918763721564
                      1341848012.8628089 -0.67087486261826734 -0.34507023218874366 0.43322445076168092 -0.076481719685023292 0.21054415269451432 0.17615989149419364 0.95853502750234676
                       1341848013.030973 -0.66598484881569597 -0.35185029473073215 0.44544386443960415 -0.07643242516240506 0.19517674519383044 0.14527578462958501 0.96693281510123252
                       1341848013.198734 -0.67246037765701072 -0.36591168041833755 0.45834754062435912 -0.074012649952359524 0.17026085230929972 0.12874055380685631 0.97414538936620976
                      1341848013.3667409 -0.67942437117545096 -0.36542002817173569 0.47771184625790997 -0.076172182543849415 0.14101641436080614 0.11054239903903615 0.98086316451481781
                      1341848013.5348029 -0.70160210785942334 -0.34045344406549727 0.49058837861321858 -0.081387380695496683 0.1107767782581574 0.084334398507015282 0.98691048676702664
                      1341848013.6988361 -0.71868156286074558 -0.34271638119429759 0.50170956108190179 -0.072151780419853331 0.083518260354372348 0.055233735178675566 0.99235480311622237
                      1341848013.8668139 -0.74129174561428457 -0.35435962590964254 0.50923898075402296 -0.063373290315643233 0.057037221482065831 0.032565468073578449 0.99582632608769872
                       1341848014.071022 -0.76308727403235965 -0.35248337882885372 0.52091839866958423 -0.061942570027313994 0.022963367779204553 0.0068202214029600677 0.99779220599214102
                      1341848014.2347751 -0.78422623485951826 -0.35677056053384382 0.54287688916141463 -0.064479751406905012 -0.0012612206058753724 -0.025606312945011634 0.99758963893900243
                       1341848014.438869 -0.82960385693601613 -0.36816010044992509 0.57006394991178333 -0.061033223957579756 -0.047607512991571857 -0.056156294858443555 0.99541696832426607
                      1341848014.6068821 -0.86809610309345386 -0.37427094589257126 0.57440124732712294 -0.046138713862226684 -0.084509518745390297 -0.089710619220247714 0.99130286246115618
                      1341848014.7747669 -0.9178783219199923 -0.37985310876576994 0.58805968052715529 -0.027631956701215092 -0.11569552166038091 -0.1057604913833837 0.9872516091143837
                       1341848014.938709 -0.93142189019385235 -0.36530250969460853 0.5924534977575785 -0.018086420119988615 -0.15333846826003941 -0.11219654442697462 0.98161709998224578
                       1341848015.106864 -0.95616333302965606 -0.36656767568627702 0.61081225978678999 -0.031909848956754909 -0.17100355946071644 -0.14185545363441945 0.97448272148124593
                       1341848015.274791 -0.9731916968491422 -0.37028645243812619 0.63275688637456662 -0.044798322805862163 -0.19482200667465902 -0.16334130931573149 0.96610408997170882
                       1341848015.442801 -0.99040670502266404 -0.37763168882336018 0.64653685725228338 -0.051044401634718968 -0.23576093801073189 -0.18375296893272991 0.95291452690073974
                      1341848015.6184821 -0.9974070144152184 -0.37784836552015599 0.6617666678515931 -0.049619289520339144 -0.28202341892791044 -0.21322202618066724 0.93409693545965555
                      1341848015.7857749 -1.0106066699733871 -0.37596741028245106 0.66158675135171929 -0.042975969049516144 -0.3227403242189929 -0.23716183557941622 0.91528466225097227
                       1341848015.954061 -1.0186687717343097 -0.38955231555300329 0.65598242085716518 -0.026592884229592217 -0.35123714795989625 -0.26287943954761267 0.89823142043934456
                      1341848016.1218729 -1.0142082025586308 -0.38721457730195974 0.64919462332865308 -0.01035724658231444 -0.37754593394583386 -0.27341211231219026 0.88464547251720416
                      1341848016.2899749 -1.0150661945158341 -0.38122227724656566 0.64356342397079691 -0.0094135651834994921 -0.3784250790085214 -0.28421742153329027 0.88086678996593948
                      1341848016.4545109 -1.0135386701292717 -0.38549093043685134 0.63255754647638207 -0.015308405536230151 -0.37054758061686549 -0.26274930495395626 0.89074291799886851
                       1341848016.622571 -1.0194755515897054 -0.37525880120625821 0.61683725679649515 -0.0083238003635948323 -0.36995124208090152 -0.24638233402605297 0.89574691643911319
                      1341848016.8507791 -1.0312962945458541 -0.35808754521469999 0.58042330909066131 -0.0072726276521467041 -0.37008374374887859 -0.23644710159123367 0.89837514416247766
                      1341848017.0186989 -1.0352151126423039 -0.3435608248504769 0.55063338610494628 -0.0088920889957346469 -0.36578912060080393 -0.23632956117530621 0.90014864801213235
                       1341848017.186867 -1.0315962173232949 -0.33521465548661422 0.51704193084019612 -0.012445650732689868 -0.35062736946318618 -0.22801420618184109 0.90824835553962402
                      1341848017.3547621 -1.0311268602708337 -0.3301267410661749 0.48210177847295987 0.005827907965826269 -0.33765800659384382 -0.20519610430114688 0.9186118140169145
                       1341848017.522742 -1.0146541847774655 -0.30966281790756212 0.44585817022285235 0.014189082751383308 -0.3249531878708371 -0.18340058895029415 0.92766821633380336
                       1341848017.686847 -1.0050036863486596 -0.30657229032695821 0.4179209074489163 0.022736179999084109 -0.31268080827728972 -0.16696234673186505 0.9347926791689688
                      1341848017.8547449 -0.99737124288724799 -0.29529178690013569 0.38955307985505627 0.037190525261939063 -0.30609209309119001 -0.15028158393002783 0.93932951668159426
                       1341848018.022686 -0.9927820435872331 -0.2834455971418558 0.36642206966560686 0.038457474532786293 -0.29735119471695765 -0.14562425861639966 0.94281327152060279
                      1341848018.1908331 -0.99821644133332754 -0.27690726320535941 0.35270280064012216 0.036675693555662831 -0.28230321568048944 -0.13500837703991603 0.94906929465014001
                      1341848018.3672459 -1.0166630209885743 -0.26844633805218221 0.33020165269540103 0.035869616376991161 -0.2632241746369483 -0.12491362690182216 0.95594089269258553
                       1341848018.534528 -1.0404659712249478 -0.2499779080533725 0.30047241966052018 0.031783306396916317 -0.24709209563970308 -0.10175762329480313 0.96310991263108303
                      1341848018.7018111 -1.0696068305087967 -0.22810163024262531 0.26866792515042182 0.029793055458085929 -0.22841328045307335 -0.089815941603535093 0.96895451069335936
                       1341848018.869812 -1.0976302391241113 -0.21463555139509638 0.23136417537527865 0.033969483555752342 -0.21517638212477297 -0.085087766517997335 0.97226810641490657
                      1341848019.0698919 -1.1222928255133637 -0.20010610883007485 0.198804645040348 0.037687938537826787 -0.20746137563399747 -0.075183890148045371 0.97462135189571197
                       1341848019.262747 -1.1497007215707864 -0.18350253531841976 0.15765941771357905 0.038134422553472103 -0.18283456253855251 -0.065250076889208725 0.98023452093047703
                       1341848019.431071 -1.1796842838068176 -0.16472905215582667 0.10998649708184871 0.037069570068885081 -0.15751574165606919 -0.056287813041045701 0.9852138449131248
                       1341848019.598763 -1.2159740401791934 -0.13861189621576953 0.055364424593115524 0.042289925527789145 -0.13962325457617902 -0.041082621842372408 0.98844783735054342
                        1341848019.76718 -1.2498744404988731 -0.10961267744957559 0.023310199841997559 0.042453397171526595 -0.12479139730308683 -0.033546507520301097 0.99070653982949475
                       1341848019.966718 -1.2902222578205849 -0.091962029292469327 -0.021052317600558368 0.042064357722053844 -0.10446342859305438 -0.012346664083895747 0.99356204727335196
                      1341848020.1347971 -1.3144031961979263 -0.082001118536740525 -0.032386213412634257 0.042812332690883095 -0.080971938927007922 0.0032789499820066216 0.9957910914257978
                      1341848020.3027811 -1.3492401111047294 -0.078901189350088385 -0.049124816335699428 0.045716513008296662 -0.055234743204688776 0.015045234880532133 0.9973127716463196
                       1341848020.502708 -1.3963258311090065 -0.082412169904509169 -0.074193398659617049 0.057299986275345202 -0.02403829214828871 0.036177666658055621 0.99741167454497826
                       1341848020.670825 -1.4410794559416451 -0.080817898372976371 -0.083086060451961208 0.054732217653804295 -0.0024411693876025134 0.063472537126558468 0.99647863101696033
                      1341848020.8391061 -1.4823969840779667 -0.081874803044156508 -0.092308701568450724 0.048619919648082814 0.013107898024516725 0.074642109906454257 0.99593817170118837
                      1341848021.0066531 -1.5228908861380552 -0.086023654539139183 -0.096928117148725512 0.050654875134461361 0.025127359714622398 0.083613764990230988 0.99489267648477675
                      1341848021.1750641 -1.5642053489926986 -0.096242578600851281 -0.10179052900733576 0.047558594872188456 0.042700068592404654 0.094000224979950101 0.99351841548091391
                        1341848021.34777 -1.6083339037705828 -0.1017490147595993 -0.096250193111247828 0.054057783223493659 0.066297840814634204 0.10634837894516352 0.99064240504433043
                       1341848021.514729 -1.6707715989901071 -0.11573896018948704 -0.10625078684040257 0.071455251908123324 0.097656237178403688 0.13090937004541811 0.98398177988680968
                       1341848021.742825 -1.743594650250865 -0.087540096968623082 -0.098540223738235788 0.072023717591840439 0.12577202261360984 0.13592506784039665 0.98006038506028592
                      1341848021.9106419 -1.7934845985095356 -0.13071223480680016 -0.0810335753099789 0.067186920104220907 0.14643684887541292 0.14358599014199577 0.97643495968410066
                      1341848022.0792451 -1.8229120638362382 -0.15122554480022699 -0.071131346951125662 0.072647278727728665 0.16588667856654793 0.14818818560632843 0.97223672241605796
                      1341848022.2474661 -1.858326945807538 -0.18770253923908409 -0.044932132770242772 0.07782617508728927 0.18756254065031056 0.15634237497020337 0.96660252513882849
                      1341848022.4184649 -1.8056165498385752 -0.22939543513839267 -0.087023771351218304 0.083259591000251279 0.21191049398294623 0.18081417335664768 0.95680092901278424
                      1341848022.5860789 -1.8665447927635519 -0.25012975669293069 -0.06119555389152076 0.09380641018256293 0.23159665456049638 0.19299986482491499 0.94884898650028149
                      1341848022.7830279 -1.9648977355377646 -0.31008323348794931 0.041756918540144961 0.093533872163847093 0.2597627261548851 0.21196246201419344 0.93746821575747363
                       1341848022.950861 -1.9816958834218674 -0.32893841228018783 0.064709608056671364 0.061826001560483998 0.2928216738900411 0.22648156014124929 0.92689757565076369
                       1341848023.118804 -1.9964285666257093 -0.38033265650799153 0.10971027985786375 0.056878571641730769 0.33598669167156225 0.24340215614080912 0.90809314582459022
                      1341848023.3187909 -2.0365448090999458 -0.40211345473459303 0.17361889883814685 0.035143928628467616 0.37183378474379208 0.26839541238034009 0.88795745585971164
                       1341848023.487102 -2.0476911388046322 -0.42755226572060123 0.20420509513410967 0.021762539249178071 0.39226127363111457 0.28205901763408087 0.87527149825983774
                      1341848023.6872311 -2.063839368012403 -0.43588005268711683 0.26319464329076747 0.022060165689691411 0.41461259347582446 0.2908648931577294 0.86197874704039934
                      1341848023.8548369 -2.0707900294990789 -0.47816558886895433 0.32080747723132874 0.023621567028478004 0.43537572282264586 0.30092338700699955 0.84813626069164927
                      1341848024.0226891 -2.0432665455711212 -0.52482673490193521 0.35067076280865461 0.023480171250306894 0.45407316705872336 0.3191557007203496 0.83150819551765076
                      1341848024.2228501 -2.0235295796069726 -0.56297565928946058 0.39818968434972291 0.026141014185203631 0.46615549385679805 0.34117934026895563 0.81585069755325579
                       1341848024.391387 -2.0223204761458056 -0.56456536619593534 0.46108042645425629 0.01781558926978111 0.48146417488331966 0.35158304772479054 0.80266070891469599
                        1341848024.55865 -2.0147840126055558 -0.57632568821174912 0.50532260779908555 0.0076405691019954137 0.49444908385028458 0.35980091019191185 0.79120479662883991
                      1341848024.7270839 -2.0127404461931864 -0.59401266516005102 0.5426208150597035 -0.0012176396372256294 0.50650664345755825 0.37092292211795924 0.77837376840085393
                      1341848024.8947971 -2.0057038641504605 -0.61959964025847847 0.56510017723299211 0.0015882461400104446 0.51965872271384006 0.38154781190185266 0.76444329849540027
                      1341848025.0627091 -2.0186422744709782 -0.64216758055790812 0.60957339422314938 0.0034145308040548846 0.52792503598520046 0.39606130962788855 0.75127820171708348
                      1341848025.2627161 -2.0342436980438539 -0.66103316837724857 0.65152479617140757 0.001887013967067524 0.54076751892081742 0.40846872688644242 0.73533681317766253
                       1341848025.430702 -2.0478027695737615 -0.69205742190953567 0.69217264449609017 -0.0012281980236293814 0.54654443909893202 0.41429343105888172 0.72776962055385919
                      1341848025.5987549 -2.0457388313970872 -0.71318802920804603 0.72586856402455802 -0.0061685941921228197 0.55762435333829674 0.41663971687269868 0.7179334059186665
                      1341848025.7667279 -2.047717427657529 -0.73312867981036312 0.75880648954500418 -0.010929286323711082 0.56683189947218504 0.42094069941330614 0.70808973726403202
                        1341848025.93485 -2.047122889889935 -0.74895233205834488 0.78295260214756557 -0.0083271707238343935 0.57233255296901597 0.43122380111657038 0.69743253465140365
                       1341848026.102834 -2.0424916898906011 -0.7703580167509726 0.82145229091407101 -0.00634481852048572 0.57960611161940712 0.44207827216772194 0.68453144553670808
                      1341848026.2670269 -2.0427671798637461 -0.78420217344385512 0.86499908754667099 -0.0039326441074819599 0.58443553600216824 0.4590313087576498 0.66911127336820564
                       1341848026.434767 -2.0396016506933794 -0.80543538830154815 0.89464239625430109 -0.0040347555299782905 0.58987108732983207 0.4709627549093981 0.65591912959471244
                       1341848026.602778 -2.0361904408734257 -0.81959409614256351 0.92701360402952726 0.0001766964597841417 0.59866138167592919 0.47181059304903561 0.64730153958950698
                       1341848026.806756 -2.0390063366232316 -0.85643427442348552 0.96897192575693725 -0.0008887429991699012 0.60343263879174258 0.47285736594536665 0.64208579804254007
                      1341848027.0068469 -2.0578902796985723 -0.8801707538475334 1.0218768530583682 -0.0075983370128683298 0.6039894503226485 0.47033264617938747 0.64337097471946847
                       1341848027.174845 -2.0703786159049518 -0.91202309956266814 1.0701372247895424 -0.0044550634441762379 0.60981642914543843 0.47220049527622782 0.63649883536020713
                       1341848027.342833 -2.1002535221651528 -0.94590811465123958 1.1139844620317541 0.0004748704947742074 0.61697971299144594 0.47391271120331957 0.62828540522196219
                      1341848027.5067799 -2.1218525177147454 -0.97241702995999146 1.1489513685465995 0.013313079714777899 0.61827234002960674 0.46735349427152029 0.63177748207341355
                      1341848027.6747749 -2.1481904271015684 -1.0025103461142209 1.177389140305499 0.019191095499480865 0.61675079266178212 0.45864463895672869 0.63944918231306336
                      1341848027.8428619 -2.1497794338825806 -1.0296191188051591 1.2171181804470064 0.018177424343525025 0.61334427455211316 0.45547339075264848 0.64499796312442947
                       1341848028.011132 -2.1400881796457774 -1.0532357615151717 1.2546246117053461 0.014923648147538625 0.61081852941958059 0.4465954538365709 0.65362872447298148
                       1341848028.187273 -2.1257813067423901 -1.0859165981587986 1.2847533674866669 0.018489166466477348 0.61060966017153295 0.44498814457690544 0.65482787418876964
                       1341848028.447654 -2.1030610470438496 -1.1172477526998352 1.3293275586826703 0.029370511224379163 0.61672078780031669 0.44587238468250656 0.64806686348162434
                      1341848028.6146679 -2.0887106845948424 -1.1547694849608412 1.37784242349057 0.032830462633937324 0.61839022409714395 0.44948036704655941 0.64380361221727866
                       1341848028.850785 -2.0626168493660639 -1.1891422890519321 1.4397042141540122 0.037204220008531345 0.61878353991544444 0.45094756240315437 0.64215969408389517
                        1341848029.01875 -2.0615890967970625 -1.215378155489482 1.4713903518140103 0.034468449583192957 0.61536013240499587 0.45420397276936164 0.64330598050256471
                      1341848029.2187231 -2.0408793071990061 -1.2518090907974075 1.5074620180686606 0.020414848173520236 0.61821891008890484 0.45622867167998837 0.63972182417020296
                        1341848029.38694 -2.0349148152249952 -1.2717718979749422 1.5400252715326523 0.016548819088432275 0.62403809346161787 0.45571748446143234 0.63452672824059331
                       1341848029.554734 -2.0269051242822931 -1.3105449448104762 1.5826247749883275 0.014189400862708004 0.63433369978164666 0.45866828961794931 0.6221276543631783
                      1341848029.7188151 -2.0390645946260104 -1.3386279416736326 1.6231163178193668 0.014499051273083999 0.6422977644072414 0.46658017791089462 0.60790319700613382
                       1341848029.888015 -2.0534043046857668 -1.3613935012660994 1.6628669927271769 0.017115196960878317 0.65081102570329308 0.47345929649151103 0.59328608058994725
                      1341848030.0548029 -2.062989788184781 -1.3855715991286335 1.7012594582930376 0.012641043736761509 0.65650815402898666 0.48136986074281102 0.58062062043570617
                        1341848030.22278 -2.0672343382383267 -1.411576687021773 1.726597879926975 0.0086940122020455427 0.66338893094337359 0.48654278408144758 0.56843263427772384
                      1341848030.3908479 -2.0633156283732506 -1.4212796571008235 1.7621264044781475 -0.00015452688212903951 0.67181427556615048 0.49288426039241345 0.55292916465347985
                      1341848030.5658579 -2.0629548930768165 -1.433970195356191 1.7950297088020537 -0.00328578720943031 0.67894604343379361 0.49824303935260522 0.53923589220738077
                      1341848030.7587819 -2.0410631774858135 -1.4585732653200254 1.8352052712199236 0.001132008168011706 0.68815431068993793 0.5068913086811434 0.51913732713019378
                        1341848030.92676 -2.0353751393386963 -1.4838661589664945 1.8811403740499075 0.012990497588154142 0.69848406262337137 0.51505162986299391 0.49666193714541479
                      1341848031.0948009 -2.0200521135676199 -1.515536893478064 1.9175778612075893 0.02673304789697406 0.70599849469325182 0.52007327938664072 0.4799742219213714
                       1341848031.262738 -2.0054399104678913 -1.5464410759937066 1.9494196257190937 0.034227027231561333 0.70532683405113472 0.5254148139632997 0.47463864259266159
                      1341848031.4306271 -1.9989252542655027 -1.5715286956203633 1.9721929078993088 0.03376899228776762 0.70619418165520653 0.52955080545951339 0.46874873588457039
                       1341848031.630831 -1.9910997567554105 -1.5962016505498389 2.000639420537877 0.028300391642860294 0.7158346669340373 0.52986606294843541 0.45389621366984495
                       1341848031.798754 -1.9917693550137305 -1.6190849373930845 2.0292601942401021 0.027285635890762348 0.72697964276375704 0.52769543579783873 0.43851296459653982
                      1341848031.9667089 -1.9949219835515444 -1.6445088416056945 2.0603256727299328 0.03098082776205445 0.73703703817892419 0.52979082772872022 0.41849524670912869
                       1341848032.134784 -1.9966464632486969 -1.6706833717359908 2.0922362080716383 0.029876318308884462 0.7434774158387607 0.52920612817503221 0.40778623277891085
                       1341848032.302891 -1.9950665270943948 -1.694305406421319 2.1278586296792779 0.028220226667351998 0.74626999542131145 0.53103796979484519 0.40035407750750862
                      1341848032.4708481 -2.0001830171309485 -1.7146792854715875 2.1582441856807719 0.027854839511168801 0.75205292026463844 0.52938986013699019 0.39164638262260837
                      1341848032.6347661 -1.9931367991018241 -1.7395268949824456 2.1822193076640706 0.032505360610254254 0.75600902909846368 0.52594164142864985 0.388302896286563
                      1341848032.8030379 -1.9851260515403042 -1.7683926611341052 2.2140260070123547 0.034649310692618424 0.75989296356528646 0.5216064497223829 0.38637911537828229
                       1341848032.970839 -1.9721622145429309 -1.791704435406356 2.2460374494070008 0.034996292661733187 0.76060219837545961 0.52216481948183435 0.38419195283328866
                       1341848033.139123 -1.9466038007508666 -1.8077190913974834 2.2704595229235203 0.036209528672460599 0.76687895916389026 0.52079581962560528 0.37330583478633295
                       1341848033.306706 -1.9241818287461689 -1.8254577777728533 2.3001689860786447 0.037418110146304195 0.76997093706143194 0.52677991158114967 0.3581166930881271
                      1341848033.4746821 -1.9020547125240124 -1.8413729100742109 2.323868894887382 0.035721719905192219 0.77237362348169092 0.53009797623803123 0.34807912902833171
                      1341848033.6429541 -1.8812520655228737 -1.8566657407782632 2.3429854036203768 0.039252161338238882 0.77393849964038386 0.53414598862410301 0.33788537914720179
                      1341848033.8119321 -1.8617704919146032 -1.8770805065371268 2.3571152422032746 0.041018258014821674 0.77655079039757147 0.53505158270780773 0.33016083396461005
                      1341848033.9789331 -1.8511386793326445 -1.8906962103240226 2.3722140684836033 0.040095358970809937 0.78420704609145453 0.534352972535863 0.31285551264378342
                       1341848034.142724 -1.848823126129056 -1.9075155853025887 2.3877975614073312 0.042445871222761833 0.79758256185630938 0.5306586564022141 0.2836578844739982
                       1341848034.318578 -1.8421665194439272 -1.9345050198124638 2.4116705686559983 0.045473516005926459 0.80634239439921407 0.52929655790367602 0.25997933788653649
                      1341848034.4856901 -1.8370921651923875 -1.9612171151050724 2.4370275188310901 0.049602068285460113 0.80906810916278094 0.53141381372273389 0.24606460156273297
                      1341848034.7152209 -1.8197466334947356 -1.9922557363635063 2.4943959767618327 0.045685870143630167 0.80751805045375002 0.53539746769771024 0.2432631312868305
                      1341848034.8827479 -1.8046456060878522 -2.0073673632027056 2.5334123076736956 0.043910571666848724 0.80564658548536094 0.5395478485901698 0.2406108062273779
                      1341848035.0515881 -1.7922887858308516 -2.0176924461387822 2.5675203074113901 0.040142818545280443 0.80587437574129639 0.54332709500548526 0.23184199894694912
                      1341848035.3202159 -1.7615802885879619 -2.0330265599442794 2.6024999867460625 0.037894685602368687 0.80640752391665305 0.54608721136148453 0.22374015232216976
                      1341848035.5508659 -1.7216137518284671 -2.0567905752996762 2.6248993633546833 0.052428485956341954 0.80832669773772947 0.54670456756743235 0.2120691382206516
                      1341848035.7188079 -1.6934470502105925 -2.0686638886084916 2.649654803131408 0.059504835974708216 0.81036386768558744 0.54929333475027531 0.19505488674780971
                      1341848035.8867259 -1.6586955260562806 -2.0851608842333076 2.66147918051833 0.06169664147409732 0.81116132304270661 0.55372187797572126 0.17777208521436422
                        1341848036.05494 -1.6268727348251653 -2.0982568582141807 2.6818029005848389 0.073751641136181753 0.81008756735095688 0.5565981407776992 0.16887077407277293
                       1341848036.223325 -1.5996921263485508 -2.1036275533481286 2.6954658204981534 0.070622189828884713 0.80974295664852203 0.55962570829642855 0.16170317583647983
                      1341848036.4588571 -1.5550045227194098 -2.1222154314993231 2.7181327929447447 0.060942226357304723 0.81395016415969712 0.55815750558511712 0.14910189224157108
                      1341848036.6268139 -1.5139028894141626 -2.1361243855190146 2.7405108044614375 0.061097781768180946 0.81842638593077566 0.55407496177528082 0.13944980677296762
                      1341848036.7907951 -1.4709489970930409 -2.1609919407350953 2.7724328668092175 0.066074959788849766 0.82613440176613206 0.54562008176793342 0.12423677506668765
                      1341848036.9948771 -1.4081605614838977 -2.1924892506756248 2.8034806167123585 0.06806456407155434 0.83145909618361369 0.54135316300099501 0.10478425167979935
                       1341848037.162827 -1.3675931158483325 -2.2144331796097414 2.8296606737227834 0.067413387020411566 0.8400699386993179 0.5292090559903263 0.098365178808296747
                      1341848037.3268831 -1.3343437632327739 -2.2455244005337258 2.8632453086889185 0.073330632715655417 0.85144220732031328 0.50783544728295071 0.10849859161279377
                        1341848037.53075 -1.284249389068437 -2.2644824760172497 2.8804207993929944 0.066911024339117012 0.85531181539668888 0.50161865708923992 0.11110056761645282
                        1341848037.69873 -1.2360094206866257 -2.272410671066877 2.901570720220775 0.05671518036860216 0.85632540961766679 0.50230805868197548 0.10572036389474473
                      1341848037.9309771 -1.1749349375181644 -2.2755786184307105 2.9139131791193633 0.057964325942804852 0.85400099633200333 0.5105231453133966 0.081783575864954314
                      1341848038.0986929 -1.1278346310317016 -2.2817935579130926 2.9313208310352867 0.055249419397773183 0.8482387781548395 0.52291866248424079 0.063202447075146412
                       1341848038.274266 -1.0729173302415114 -2.2733098314287927 2.9376298303404047 0.050586936294154082 0.84742514720846351 0.5263114608364422 0.04803985790253134
                       1341848038.442214 -1.0119167480776725 -2.2776315178704349 2.9411994548836731 0.044248597364305191 0.84862388103046649 0.52574567795219029 0.038354299506992873
                       1341848038.634757 -0.9616646621727335 -2.2763169651365462 2.9585900828083824 0.039007470838519534 0.85452412938388278 0.51693504377077781 0.032327852406296854
                      1341848038.8028269 -0.92548002401686735 -2.3053102033061199 2.9646774558351052 0.037277545175588372 0.85482337550588205 0.51673652806266002 0.029508335774141876
                      1341848038.9707999 -0.88437260884813684 -2.3155557650587024 2.9998406689256929 0.042007504066883222 0.85542980352624731 0.51593624152689754 0.016882402678995611
                       1341848039.138659 -0.83554216669443593 -2.3247498682387731 3.0307288190112156 0.041600350147378728 0.85617024869811054 0.51501641886421312 6.6423735034970563e-05
                       1341848039.306767 -0.80737940801078023 -2.3470791083813838 3.0519770269415458 0.043148860141850043 0.85579232198462507 0.51540860057987392 -0.010566548581207869
                       1341848039.474885 -0.7778360475460685 -2.3649230785802184 3.0694634666976741 0.039945427100557117 0.85416196715331028 0.51821494270369328 -0.016277895476666249
                      1341848039.6427319 -0.74351990713315075 -2.3639956164243232 3.082509257781199 0.033025900270398964 0.85522525475104638 0.51669000418322286 -0.023032436355683771
                       1341848039.807101 -0.68598933203473356 -2.3561862818916151 3.1039646026415681 0.023927052370013597 0.85815746366061596 0.51192961758453071 -0.0303534243244056
                        1341848040.01073 -0.62639074999266275 -2.3500884608356616 3.1101590364529619 0.026696113915468583 0.85892657069932721 0.5094437158915649 -0.044716484511874197
                      1341848040.1788249 -0.60177774982306709 -2.3694510382679228 3.0876647470252832 0.030702755396502412 0.85110412294725724 0.52079794735049334 -0.058724873339629731
                       1341848040.346941 -0.54097586841811418 -2.3577567702602731 3.1016263300987306 0.033747710207593387 0.84688805842547377 0.52476499193656156 -0.079141719654656675
                      1341848040.5108809 -0.48791411241435156 -2.3386390798836389 3.1200466684311059 0.038461174091802358 0.85023829755056279 0.51653564983902511 -0.093842942788347108
                       1341848040.714664 -0.44065212873615778 -2.3569592752787241 3.111767147187555 0.030105329761774977 0.85280275431777064 0.50906342983598518 -0.1125857706443487
                       1341848040.883358 -0.3991368446066299 -2.3577406255064211 3.0992257848579499 0.016025487301641137 0.85342641784150575 0.500811112678612 -0.14350875410431019
                      1341848041.0588889 -0.36169516698818982 -2.3537960640040425 3.0907587340367635 0.021642944462971915 0.84809245264804145 0.50092230812961647 -0.17131145885345811
                       1341848041.284122 -0.32581090053507544 -2.3467300578450834 3.0717842149985586 0.038863279786620533 0.83342537922764248 0.51295833522506384 -0.20190475246169517
                      1341848041.4515221 -0.29039771245021107 -2.3320537231056564 3.0812735896858703 0.035980112437807445 0.82933605732310478 0.51169003299799543 -0.22154106992438458
                      1341848041.6187589 -0.25697356463976562 -2.2996963149255527 3.0654644018816377 0.026626822863606962 0.8227682831935873 0.51381198540109863 -0.24153800556651167
                      1341848041.7867229 -0.21377695974624777 -2.2686602625398757 3.0461873250612777 0.027774197253095011 0.8224732655549899 0.50624928603329933 -0.25783324418125758
                      1341848041.9867339 -0.16072936625615875 -2.2535257597514944 2.9975589674585073 0.039283356806655075 0.82017592058558231 0.50021595047783274 -0.27486775012203979
                      1341848042.1548071 -0.12922158657105731 -2.2274140630588937 2.9641884764548525 0.044152440974277313 0.81905070964837756 0.49306058157448857 -0.28999613769484822
                      1341848042.3227921 -0.10902520422260675 -2.2100779650822835 2.9297682110910901 0.036934747675151466 0.81055631812495821 0.49837568736677984 -0.30537837808786344
                       1341848042.522727 -0.072359247725710008 -2.1827631626750081 2.8938091794673984 0.042761207214878694 0.79877888558488896 0.50026830528146282 -0.33144440534138192
                       1341848042.697819 -0.026775830261818956 -2.1470867951695878 2.8731698267465484 0.040482313629950695 0.79353022091997383 0.48947794098210673 -0.35928027508030691
                      1341848042.8617439 0.0043749577569182629 -2.113346423358502 2.8675628977806848 0.045795439560215513 0.78444015620305474 0.48183461269372652 -0.38780384869402784
                      1341848043.0303881 0.043097427841683855 -2.0911804202925111 2.850382616010795 0.046032145380441515 0.77659219791414125 0.47648879828061891 -0.40956565388671062
                       1341848043.201911 0.062972445382263598 -2.0779681512678909 2.8251933088853964 0.044255738896907336 0.76835400734458914 0.47577107883129754 -0.42581149528858786
                       1341848043.369863 0.10132883758546052 -2.0559693631499014 2.7872734601350651 0.038778860132833215 0.76458484795672066 0.46911243663938512 -0.44027233852702524
                      1341848043.5378399 0.11243708136705383 -2.0247947838160925 2.7558943189713352 0.041553891631028121 0.76178152800000387 0.46237788359181786 -0.4518504956879516
                       1341848043.701997 0.12780848880276818 -1.9889023659736496 2.7141544665620287 0.045570137998485673 0.75609027933247808 0.46075698080872229 -0.46255146379377637
                      1341848043.8703849 0.13593444101407165 -1.955558792520429 2.6753610810805064 0.047861813398142265 0.75113658802319061 0.45889575360244772 -0.47214167394624534
                      1341848044.0377221 0.13411834905202175 -1.929275320296546 2.6437426622300104 0.048198904205390122 0.74698614579340683 0.45956341462376432 -0.47800630912725078
                       1341848044.205765 0.15868860318060579 -1.8881639557346557 2.5986715553790165 0.046273226922728353 0.74359790363313993 0.46018320121184669 -0.48285853777786136
                       1341848044.373771 0.15808617700763861 -1.8841040701757974 2.5618699126939184 0.047742926826811645 0.73839551593342323 0.4581872609306073 -0.49250087198738157
                       1341848044.541889 0.16164078789921427 -1.8525182017774169 2.535935443636034 -0.052494428693701148 -0.7269984759418292 -0.45046260065890992 0.51555891646056418
                      1341848044.7716141 0.14915640451680096 -1.8192581182964425 2.5212874581419564 -0.063702763812868005 -0.71541267700768063 -0.43309246489016329 0.54457100208757792
                      1341848044.9708309 0.18848237689570951 -1.7672910609781374 2.4821245798420666 -0.065476997608515358 -0.70970817794456753 -0.41653874458765633 0.56437801091122952
                      1341848045.1393111 0.19332777352839409 -1.7649708666598303 2.4306300363885214 -0.069277048699944527 -0.69828968320046447 -0.42658308598814165 0.57063042296047817
                      1341848045.3068631 0.19092681615979878 -1.7231220423448903 2.4009331437657346 -0.06626000126074702 -0.69945933557088713 -0.42101164750056019 0.57368583979781396
                      1341848045.4748321 0.20016664312057347 -1.6879210943153673 2.3705378004517503 -0.064941208052162386 -0.69657277507062065 -0.42580021042874278 0.57381459490499076
                      1341848045.7431359 0.17757930190036314 -1.6333833750052342 2.3035956731670022 -0.060553730880353998 -0.70271616453840691 -0.42953364201891414 0.56393624475366677
                       1341848045.906846 0.17219183214207001 -1.5993097416960431 2.254004136684943 -0.060989291061511075 -0.70264179792317683 -0.43782333581732735 0.55757110470404392
                       1341848046.074759 0.17168734048067896 -1.5542768233792537 2.2423158509924437 -0.057639877911584793 -0.7174320208433379 -0.43974994428747022 0.53720473419558468
                       1341848046.249758 0.15887533155726352 -1.5354657605114816 2.2083069478955712 -0.054348694425971233 -0.71826389539744051 -0.45909348118570353 0.51997727980699238
                      1341848046.4177799 0.169765394720505 -1.5175990035625011 2.1846636355112818 -0.046693696760296943 -0.72251873912738396 -0.46705092576653245 0.50759216210778701
                       1341848046.586113 0.19905681453646101 -1.4939839176155827 2.158731883316948 0.043164063805908759 0.72336842524534339 0.47525208063680641 -0.49900946364194138
                      1341848046.7787549 0.24535057569691554 -1.4607726225084132 2.1412342057566853 0.042577267621545553 0.73409553703098063 0.47243098147206447 -0.4859011077764912
                       1341848046.947809 0.281183252542276 -1.4597841502906341 2.1472056487842353 0.041952349538421613 0.73405666271695968 0.47547847298150697 -0.48303316451380474
                      1341848047.1484029 0.32120193203249459 -1.4671180527043719 2.1373804022172065 0.04208239193766506 0.7339977943397703 0.47962237509924949 -0.4789975861080219
                      1341848047.3506629 0.39086084879932859 -1.4312583391048008 2.1140835627194479 0.038428002185845578 0.73878789759773611 0.48216423920276535 -0.46929029123255911
                       1341848047.518985 0.44181808426745067 -1.4219648316941043 2.1158793085027283 0.039872095638717943 0.74815791330424819 0.48246894252041006 -0.45375507958903044
                      1341848047.6867099 0.48427189011296695 -1.4097039901917801 2.100343251978253 0.036266034760249075 0.75349079253116491 0.4811537816081124 -0.44657299373981224
                      1341848047.8868711 0.51859613623980916 -1.4122200630907347 2.0722276127464845 0.035667034983154162 0.75177175901252247 0.48728615758052979 -0.44285357128189828
                      1341848048.0549581 0.55308561691805302 -1.3850465276535213 2.0493341483891405 0.030613319151950882 0.75235720369014525 0.48482069115665094 -0.44493860269978092
                      1341848048.2229979 0.58688781782026622 -1.3857275222331933 2.0228065804517281 0.02973853022381066 0.74987052799723886 0.48286360554032282 -0.45127879354770195
                      1341848048.3871701 0.60534886696031731 -1.3918036432337582 2.0135668142881364 0.024325817318821531 0.74972678215154442 0.47670707694194075 -0.45833216069782057
                      1341848048.5557139 0.64758428485594521 -1.3688637968473183 1.9963547465553775 0.016420119818669879 0.75191959050858415 0.46716548846989031 -0.46486956822019704
                      1341848048.7227249 0.67225828515921415 -1.3791389166582033 1.964662729213928 0.013971594271237319 0.75721023549774902 0.4566062742078969 -0.46684918781652224
                       1341848048.891115 0.70967720276872948 -1.3612591629700828 1.941508894968015 0.0059627088604188539 0.76260920320996251 0.44809303432357839 -0.46648074116001875
                      1341848049.0588541 0.7388121225445986 -1.3624795789996529 1.9203864876609607 -0.0091311055194677991 0.77411873938351983 0.43618938558159892 -0.45868902336246253
                      1341848049.2267849 0.76249460930341839 -1.3832369888889711 1.9044093119482119 -0.014580786096898656 0.77832217286202887 0.43378375507691075 -0.45368893499787
                       1341848049.394804 0.80312435891669098 -1.3806416549902232 1.8977151703652935 -0.014263497638487218 0.77944288353416069 0.43263942985554571 -0.45286694257512122
                      1341848049.5628221 0.84481614425237295 -1.3789300927234653 1.8923045384557877 -0.012901292906262653 0.77978866083859188 0.42513912631550749 -0.45936905026850605
                      1341848049.7308869 0.89977258836883922 -1.3690824472095442 1.8766549798527883 -0.0085665074150325007 0.78152780359164331 0.42265127995770307 -0.45881020336741141
                       1341848049.930867 0.95745800035933082 -1.3558542461910408 1.8754948868989754 -0.0087982428112353996 0.78693813251292644 0.4271571059009851 -0.44518285389129392
                       1341848050.098702 1.0049647904463108 -1.3533705905422382 1.8598922935929585 -0.0069383485857457345 0.79010984409012475 0.43395593681633299 -0.4328516356589639
                      1341848050.2667561 1.0408642542821749 -1.3368520916319295 1.8513513955066156 -0.010824912877551706 0.79520147587176948 0.4404399722563398 -0.4165934047382262
                       1341848050.434797 1.0750309451541051 -1.3187003511804967 1.8379517445028615 -0.014685624486903226 0.79946819648906753 0.44834916209713405 -0.39952216970118848
                      1341848050.5987999 1.107632034461044 -1.3059828184998665 1.8191749235771764 -0.018818632098819829 0.80590651666844781 0.45266036896036244 -0.38112876544538959
                       1341848050.766912 1.1368788546333342 -1.2979055384456668 1.8056191479503487 -0.018690551251524998 0.81283660291511328 0.45584898860136963 -0.3621450259860558
                       1341848050.934824 1.1622869198753405 -1.2841532116595307 1.7962406065883934 -0.020054987767307839 0.82296605804498335 0.45713399669262045 -0.33667963086498959
                      1341848051.1027579 1.1949023330309059 -1.2691628748662418 1.7782839253897753 -0.023087270691661436 0.82904952318338254 0.45791710609934289 -0.32008715997837039
                      1341848051.3028049 1.2168353847442734 -1.2660075106494539 1.7701282325135426 -0.02509718797359177 0.83974623392000269 0.45084719030210191 -0.3015513302402939
                       1341848051.470921 1.2422397409358061 -1.2647264385876036 1.7504703660967555 -0.030227691127168867 0.84659632590115252 0.44732510669747333 -0.28681212766876529
                      1341848051.6388929 1.2688254647781574 -1.2520119263595921 1.7385939612421206 -0.047611788347027145 0.85497013350703566 0.44994805811783095 -0.2535861459491679
                       1341848051.806721 1.2763681553166459 -1.2599725226558911 1.7474617293773875 -0.058299424828633338 0.86338465931529218 0.45075428540185108 -0.21906319023408288
                       1341848051.974829 1.2792910388977417 -1.2709181235270577 1.7646122781588671 -0.076108574511169286 0.8645407558154542 0.456379969704379 -0.19619910721649861
                       1341848052.179162 1.2714944384012421 -1.2832483564800836 1.799008876002433 -0.096221313517807286 0.85855728431752709 0.46649315852731127 -0.18974978634357881
                      1341848052.3796329 1.2657571496101547 -1.3040057370688813 1.8308003750296895 -0.11718675671950424 0.85029729181588132 0.47530207580439388 -0.19326074696165293
                       1341848052.579179 1.2651563942008219 -1.3273426408604192 1.8683030003943915 -0.13230974333147061 0.84567971983419821 0.47662764159005527 -0.20036475376925528
                       1341848052.778723 1.2709922179049946 -1.3513571971421015 1.9053487574443788 -0.14351960129565294 0.83948774605004517 0.48238505882430005 -0.20485873986439629
                      1341848052.9467161 1.2388054142074592 -1.3860308316135777 1.9577787313608779 -0.15263908789136379 0.83782874919315597 0.48043031811152637 -0.20959724547899453
                      1341848053.1148601 1.231825866648967 -1.4177024389562674 1.9916025159830695 -0.15748321296522969 0.83106637167478892 0.47962426188944723 -0.23342727114125458
                       1341848053.292717 1.2122731728999505 -1.4566021271720739 2.0213498480566319 -0.1551435761701877 0.82913712696238995 0.47329326974962993 -0.25388102779724026
                       1341848053.453759 1.2155306756637985 -1.479242379472909 2.0536053318246505 -0.14824011031337542 0.82465682461212975 0.46625973166833617 -0.28384477085105603
                       1341848053.621933 1.2156826840269841 -1.4983019844860952 2.0835197608504634 -0.13580601608341988 0.81524634103903559 0.46755635656750838 -0.31356208771363214
                       1341848053.789892 1.2060737847367249 -1.5236692846934021 2.0975082708627473 -0.12304569712733267 0.79952073159658366 0.46977325181137508 -0.35346774682887078
                       1341848053.986846 1.2167212719007325 -1.5541589777488984 2.1125642284309754 -0.10928988325291368 0.79108748223626657 0.45196225410256152 -0.3974499185233038
                       1341848054.186722 1.2566539224388213 -1.57870713581194 2.1004782959969091 -0.072449203783098687 0.78809034152753743 0.44547464414473975 -0.41858937861145268
                      1341848054.3548031 1.2960919504990893 -1.585557593916568 2.1038897833701231 -0.072968161239005722 0.78259023946074624 0.44656056634432267 -0.4275649952140706
                      1341848054.5227351 1.3287873000415336 -1.6067332639331569 2.1080093509701627 -0.066211677234600821 0.77910539072684604 0.44973888518150273 -0.43167781862617022
                      1341848054.6910419 1.3469216322169439 -1.6309787060339183 2.1287331437379553 -0.06382932427633807 0.77664573597909259 0.44268988767638323 -0.44359089428998771
                      1341848054.8590369 1.3668274058412395 -1.6543287575721664 2.136058477544295 -0.062016193490384688 0.77553347445691101 0.42896893996322033 -0.45900704819053278
                      1341848055.0230789 1.4014711864202654 -1.6595506612173971 2.1515806551481513 -0.058699108435533276 0.77744335199616665 0.41143909057408756 -0.47207427789851641
                        1341848055.19101 1.4440863777892488 -1.6794903476107628 2.170192479490932 -0.057986075479666652 0.77588274173752569 0.39668416770222981 -0.487119345970488
                       1341848055.359026 1.5023735961171858 -1.7053425862577527 2.1896871537665699 -0.054573158418623091 0.7753517574242984 0.39314122018562042 -0.49121421358734063
                       1341848055.526772 1.5611055243844665 -1.7263117826381151 2.1927809830043676 0.058741185648193167 -0.76885264514166285 -0.39385482482476275 0.50029337406122842
                      1341848055.6948149 1.618448723773771 -1.7334103127412681 2.2100679030102071 0.061909585760416309 -0.7618348383499417 -0.39208621825401918 0.51190163090436969
                      1341848055.8628471 1.6666088879471319 -1.7181605877017452 2.2248389213715329 0.05811233370405728 -0.75493912044129174 -0.37814761749916403 0.53262957153964241
                      1341848056.0307429 1.7265000206970851 -1.7094202165186372 2.1779865363688291 0.056340095749106985 -0.74776161052724521 -0.37653837912099347 0.54396435221585693
                        1341848056.19876 1.7799001057070125 -1.647177405817237 2.1827227489272891 0.053794867098263657 -0.74991370144466984 -0.36823167478602048 0.54693782676252811
                      1341848056.3667519 1.8129850908703471 -1.6468004184341829 2.139109088402996 0.048445442787393198 -0.75077995179371115 -0.36881843667600678 0.54585296905451797
                      1341848056.5348561 1.8656202082504709 -1.6071493073623966 2.1052606246604295 0.023612322764168754 -0.75059906112113151 -0.37634349526382838 0.54259476705029275
                      1341848056.6988981 1.9028206092097686 -1.5809790647973623 2.0664555710127264 0.0079212187167026424 -0.75363610362519984 -0.3803581615948019 0.53600144264254734
                      1341848056.8666711 1.9367568150540433 -1.5500876761036979 2.0360660124864167 0.007816821594597392 -0.75750696835537945 -0.387647732522093 0.52521550402066419
                      1341848057.0350201 1.9536700188399809 -1.5632622764003647 1.9848646445836244 0.011647075178502071 -0.74764950496152649 -0.3972618880794585 0.53204093418656662
                       1341848057.202667 1.9819420738373936 -1.5243668874589484 1.9779145455476983 0.016669690112987887 -0.74507774209682043 -0.40077762426156494 0.53287763656837495
                       1341848057.370867 2.03877085033404 -1.4829120097848678 1.9160197357338884 0.015147070718388738 -0.73142116780961897 -0.41302330796284725 0.54240703222588516
                      1341848057.5388041 2.0809100920721662 -1.446681709786773 1.8766283632583063 0.01153650809188753 -0.72351609146929563 -0.41250085539030679 0.55338451249407494
                       1341848057.706841 2.1190406394432131 -1.4356758594911914 1.8571072205556325 0.0024630944551923294 -0.70776109937323339 -0.41073874937534438 0.57477111891715216
                      1341848057.8748469 2.1730064011861829 -1.3755234937942835 1.8464628794652427 -0.0047123721062533016 -0.70514272947313694 -0.39750828356756696 0.58714452148978935
                      1341848058.0427899 2.2200415226920662 -1.3399444615663183 1.7971612294749038 -0.0097507029557105194 -0.7077927110113329 -0.39379258564320102 0.58639730688632907
                      1341848058.2071021 2.2613943006414434 -1.3115446563397464 1.7478871795385862 -0.0074485042662273916 -0.71804445138503314 -0.39382275538816808 0.57381209725643989
                       1341848058.374917 2.2927255501866144 -1.2364400992666058 1.728613650157006 0.0027879509921621467 -0.72562276410027315 -0.38970810699157982 0.56709031281955802
                       1341848058.578964 2.3083976213202559 -1.2396817144243175 1.6588250134449698 -0.0064733699468566492 -0.7222577852191453 -0.37920147112477126 0.57836669291088638
                      1341848058.7468541 2.3100757662693705 -1.1960368712543656 1.6299881335851629 0.0033936879445983959 -0.7167680134673885 -0.37108804673714868 0.5903607027241532
                       1341848058.946831 2.3160334749074853 -1.1849093823480523 1.5742416555903691 -0.0065320142459576076 -0.70929524592274429 -0.36747065677263541 0.60151716792820831
                      1341848059.1147051 2.3149333744929672 -1.1758387747806203 1.5596747180299833 0.00073566705626425548 -0.70549363890575856 -0.35933030067067007 0.61086816849253112
                       1341848059.282764 2.3091605648199272 -1.1695748814404359 1.5568280909039658 0.010015818295562551 -0.69778912962754747 -0.35288778428256046 0.62326577449884502
                      1341848059.4468801 2.3136340858402491 -1.1841604823455074 1.5442078702294757 0.013790857839255891 -0.69057466820798874 -0.34471846723141647 0.6356772909418007
                      1341848059.6147599 2.3223233267352263 -1.167217511787515 1.5572017601467818 0.018137339884342834 -0.68846386465113929 -0.33213339782813234 0.64449666408653905
                       1341848059.782784 2.3237231598391856 -1.1688504157063744 1.5434499939561359 0.02338360628512174 -0.68692048326774979 -0.33036374595701679 0.64687962711894953
                       1341848059.951468 2.3403518056584942 -1.1526633530221548 1.5368328138121479 0.030400463027311031 -0.68798351051657025 -0.32556321887309575 0.64789126527682894
                      1341848060.1188259 2.3452888100876801 -1.1517341357007158 1.5498925638788084 0.043663066463032585 -0.69711658641618246 -0.31495734694400151 0.64259152747020398
                       1341848060.287482 2.3504092665050211 -1.1740219629890623 1.5277576144758449 0.056007940098021215 -0.68914029098447072 -0.32440732005147954 0.645529751974944
                      1341848060.4547939 2.3485442818312778 -1.1710408881101966 1.5477124340953441 0.065738402763091952 -0.69337138653675268 -0.32221010969845448 0.64116708270338452
                       1341848060.622721 2.342887596986273 -1.1581483570658864 1.5641189325276872 0.080367776952743525 -0.69046346456192942 -0.32313684340956217 0.64217116484946257
                       1341848060.791034 2.3393272893301456 -1.1651627495361314 1.5748794137384137 0.081148277396349916 -0.69551425255509902 -0.3192767414156919 0.6385430635120114
                      1341848060.9975929 2.3250633530043419 -1.1767213055852597 1.5939337625676422 0.077241769491466591 -0.70734355387918213 -0.31544013327804932 0.62785056195636424
                      1341848061.1979871 2.2882477848367082 -1.204200807160013 1.5968050638070679 0.081539549820763016 -0.71463682037912124 -0.30775171073240704 0.62284380169888809
                       1341848061.391495 2.2634142288331409 -1.238432441959785 1.603471800086782 0.08594062942841027 -0.71880792841660757 -0.29581601709244687 0.62323531213373584
                       1341848061.558836 2.2548199077228421 -1.258476807619519 1.6032204123352061 0.08583789752587509 -0.71657584730099078 -0.29516612424262884 0.62612128977761927
                      1341848061.7267499 2.2401581482039696 -1.2523111779200826 1.6168504351649517 0.087699838401578786 -0.71520168756571922 -0.29141560786965515 0.62918377914361689
                       1341848061.894887 2.23227408070119 -1.2630768844748679 1.6157674438021168 0.089195665818224398 -0.71064578425963032 -0.29774887159159619 0.63116741992849246
                      1341848062.0640581 2.2177682288449976 -1.2619337468666232 1.6167748697559901 0.090059868488247222 -0.71169629175031968 -0.30389863890909607 0.62691564477680928
                       1341848062.230763 2.1972702915446942 -1.2561947405326626 1.6198805487257815 0.093610627632858726 -0.71513457454486218 -0.31316897750974476 0.61785498477411538
                      1341848062.3988359 2.1829842969139022 -1.2547214530526118 1.6205729702617404 0.089983101451917236 -0.72099894353475469 -0.31914990821794115 0.60844630080175643
                      1341848062.5669589 2.1679666738791616 -1.2679093166165383 1.6192278896284602 0.079812788672542129 -0.72406083077328742 -0.32090229423605438 0.60529955365772881
                      1341848062.7349391 2.1594951136902139 -1.2679474116356759 1.6532313881820666 0.072612419126659847 -0.73215757658165126 -0.31515202755593186 0.59945968936204785
                       1341848062.899092 2.1414510573974357 -1.2882818587370979 1.6699139387555935 0.069010774468525354 -0.73523099861681396 -0.32119644578017792 0.59287919081239338
                      1341848063.0667491 2.1216769454932893 -1.3072264635857764 1.6925550284721789 0.072110237663928822 -0.7407527065818772 -0.33099231435023602 0.58011173850970266
                      1341848063.2350061 2.0996163286522038 -1.3092110871995881 1.7323279833444309 0.072449305582296702 -0.74935876779975519 -0.33127543921837899 0.56874345588581998
                      1341848063.4027281 2.0739578169164505 -1.3568957933517569 1.739837767763279 0.078705295691303384 -0.74659579997790881 -0.34578078732300038 0.5628817238139614
                       1341848063.577827 2.0502988937271098 -1.3555035867057117 1.7634945757687484 0.078131498362182847 -0.74411996286936644 -0.35218446465091896 0.56226955517929189
                      1341848063.7457831 2.0138370617542565 -1.3628801352990587 1.7815762388427416 0.066268292224793912 -0.74477613409786125 -0.35942534572978913 0.558328258617523
                      1341848063.9137809 1.971295308190292 -1.3828198230217887 1.7932115901178245 0.06901506728629507 -0.74561814376351887 -0.36820163004849166 0.55110621826263795
                      1341848064.0817161 1.9203310044946189 -1.3797694972560715 1.7982599540521096 0.072669897897625596 -0.75375168286368865 -0.36276465087324544 0.54311996335664059
                      1341848064.2498031 1.8563871216153869 -1.3881737524272126 1.8126514428280807 0.068557739187685388 -0.75348836294560484 -0.3634689803045425 0.54354891560870766
                       1341848064.418076 1.7932824306410686 -1.410495116175269 1.8284796539493353 0.071551268726980574 -0.75389733639663314 -0.36226079662183747 0.54340255552263728
                      1341848064.5817721 1.7360337335048062 -1.4368586986106213 1.8429114398785449 0.078060827691178308 -0.75389174175609774 -0.36385224194990468 0.54144740734456698
                       1341848064.810771 1.6947744876622659 -1.4565440457236978 1.8648355082745178 0.075872897220779167 -0.75748986348274872 -0.36335001538603418 0.53705602734461566
                       1341848064.978833 1.6607546943682845 -1.4749016981411276 1.8935602159787848 0.064366028952513477 -0.76117104341116237 -0.36237843180855439 0.53400143178573922
                      1341848065.1467049 1.6303311244467702 -1.5005896413729194 1.9065042806510313 0.05639364120159461 -0.76313390817030857 -0.36330548195114237 0.53146544781103611
                      1341848065.3147819 1.6129694480029881 -1.5054521055032566 1.9509985537291989 0.061827864350534951 -0.76978313108727203 -0.35941333071252701 0.52386382198950865
                       1341848065.483011 1.5736947347953882 -1.530090992583359 1.9885542523256248 0.06849702289335094 -0.7736767932907288 -0.36088094107051744 0.51623378788120855
                      1341848065.6829231 1.5585721415379754 -1.5447815039700739 2.0069603038643749 0.07139417797956607 -0.77923710208110852 -0.36093414852783234 0.50736471154126084
                       1341848065.850775 1.5464251412649763 -1.5665945796160545 2.0139276625195435 -0.075593344117134906 0.78150711323927224 0.37642182327778773 -0.49177117569234763
                      1341848066.0507841 1.5309715685370455 -1.5837704635231729 2.0349827980477144 -0.067676775496557831 0.7891205976583866 0.39913139263230435 -0.46195526604321391
                      1341848066.2187009 1.5123021964285157 -1.5714715968929882 2.066800222661743 -0.059919391732022452 0.79754575243855053 0.39922494101889017 -0.44827434203861638
                       1341848066.386795 1.4731915447555406 -1.5894673795825125 2.0872186813501461 -0.061968941583043856 0.80180410593932494 0.39963913537196416 -0.43995293777524214
                      1341848066.5605259 1.434433830218083 -1.5947076491546652 2.096660354232105 -0.06521938415021189 0.8086858370617559 0.39868927342165972 -0.42757515377451905
                      1341848066.7653289 1.3808315190327136 -1.6129557449457244 2.0965812807774222 -0.082100622145935914 0.81167821058925216 0.40328455318452761 -0.41448707996828549
                       1341848066.930239 1.3406300580409058 -1.6252064453721942 2.1023757037212403 -0.090991843196539052 0.81311881523464358 0.40709318222779411 -0.40599681989734104
                       1341848067.158843 1.3013327367746532 -1.6310200434909348 2.1392330696019899 -0.10113895156854434 0.81581581584815754 0.40564279462967801 -0.39958652411292067
                      1341848067.3587401 1.2918585910774167 -1.6454313469302888 2.1368023390823851 -0.091664516733479307 0.81625202960317966 0.40387680836377182 -0.4027576991276528
                       1341848067.526716 1.2745259988957853 -1.6727145529447014 2.1310502153989388 -0.083091398972192185 0.81242297752102532 0.40243392516567877 -0.41365645273398138
                       1341848067.694912 1.2712899426755766 -1.6691043948321294 2.1643883169702685 -0.090974496354349094 0.81016939908693641 0.39745518128196938 -0.42116334677687922
                      1341848067.8628359 1.2616198412442035 -1.6914577201701544 2.1930247555995037 -0.088642823021549882 0.81139888283207073 0.3878661509686101 -0.42817537504909486
